 62.000000  0.527002
 62.015625  0.569861
 62.031250  0.315389
 62.046875  0.553505
 62.062500  0.259259
 62.078125  0.128427
 62.093750  0.115111
 62.109375  0.368687
 62.125000  0.317594
 62.140625  0.631687
 62.156250  0.456705
 62.171875  0.518926
 62.187500  0.402191
 62.203125  0.446895
 62.218750  0.216457
 62.234375  0.284314
 62.250000  0.283633
 62.265625  0.342337
 62.281250  0.522517
 62.296875  0.333067
 62.312500  0.530230
 62.328125  0.264425
 62.343750  0.230560
 62.359375  0.851288
 62.375000  0.251932
 62.390625  1.000000
 62.406250  0.327056
 62.421875  0.561143
 62.437500  0.523913
 62.453125  0.008879
 62.468750  0.454415
 62.484375  0.514195
