 62.000000  0.097789
 62.015625  0.099159
 62.031250  0.114674
 62.046875  0.151064
 62.062500  0.251011
 62.078125  1.000000
 62.093750  0.457292
 62.109375  0.182243
 62.125000  0.112595
 62.140625  0.079904
 62.156250  0.055938
 62.171875  0.074310
 62.187500  0.053163
 62.203125  0.045214
 62.218750  0.039936
 62.234375  0.036010
 62.250000  0.031988
 62.265625  0.029650
 62.281250  0.027205
 62.296875  0.024419
 62.312500  0.019800
 62.328125  0.019358
 62.343750  0.035934
 62.359375  0.029328
 62.375000  0.027089
 62.390625  0.026061
 62.406250  0.026957
 62.421875  0.021995
 62.437500  0.022335
 62.453125  0.022275
 62.468750  0.022146
 62.484375  0.022027
