                      0.027323798967223998646058902295408
                     -0.113016147819569298671460444438708
                      0.091352949225308219260988096266374
                      0.067973599357518829644497770914313
                      0.000000000000000000000000000000000
                      0.000000000000000000000000000000000
                      0.075229383990424905648275455405383
                      0.111543471976124658473494832833239
                      0.005524181833184566015049199450004
                     -0.008197926020393361823401789933996
                      0.000000000000000000000000000000000
                      0.000000000000000000000000000000000
                7000000.000000000000000000000000000000011
                7000000.000000000000000000000000000000011
                7000000.000000000000000000000000000000011
                      0.043378162285270915887736009608489
                      0.166909991013260039505183840446989
                      0.006682036000654174336121915445119
                      0.006322925086960585507045440323282
                      0.000000000000000000000000000000000
                      0.000000000000000000000000000000000
                      0.089569611889380909564017940738267
                      0.027474763948455608458809606986506
                     -0.016079216162240218129797497681466
                     -0.027136118998590755962974085946371
                      0.000000000000000000000000000000000
                      0.000000000000000000000000000000000
                7000000.000000000000000000000000000000011
                7000000.000000000000000000000000000000011
                7000000.000000000000000000000000000000011
                     -0.047139368478168325315991182833386
                     -0.022969478096340523870511063364575
                     -0.142379719792479125795026106970909
                     -0.111722524098106859580248340080288
                      0.000000000000000000000000000000000
                      0.000000000000000000000000000000000
                     -0.008408320660270593785434734002138
                      0.068977761365740131171975235702121
                      0.002706559484774546768537373253594
                     -0.275587044987935347872820557313389
                      0.000000000000000000000000000000000
                      0.000000000000000000000000000000000
                7000000.000000000000000000000000000000011
                7000000.000000000000000000000000000000011
                7000000.000000000000000000000000000000011
                     -0.007025509822119456806999160392024
                      0.080026176755060879353109726253024
                      0.001833834263436563694060765783433
                     -0.194537465049093055702300603115873
                      0.000000000000000000000000000000000
                      0.000000000000000000000000000000000
                     -0.101120706125509204897916504251043
                      0.019865349094131620061309817515394
                     -0.094321162412926096152432364760898
                     -0.249881810186678765539625146629987
                      0.000000000000000000000000000000000
                      0.000000000000000000000000000000000
                7000000.000000000000000000000000000000011
                7000000.000000000000000000000000000000011
                7000000.000000000000000000000000000000011
                      0.038549699120800494378524803096298
                      0.133003282376408737963657813452301
                     -0.159145309684010138884246998713934
                      0.212368362578436969956285906846460
                      0.000000000000000000000000000000000
                      0.000000000000000000000000000000000
                     -0.025030166192378921347083675641443
                      0.019846301219931767462201221974283
                     -0.044817150524217391760473105932761
                      0.216536547063135131896416396557470
                      0.000000000000000000000000000000000
                      0.000000000000000000000000000000000
                7000000.000000000000000000000000000000011
                7000000.000000000000000000000000000000011
                7000000.000000000000000000000000000000011
                      0.015300713483574729378844381244562
                     -0.201158596040147047423474191418791
                     -0.020859488406713665165082005614750
                      0.065416246478587763979462010865973
                      0.000000000000000000000000000000000
                      0.000000000000000000000000000000000
                     -0.021440509502189782770065207273547
                      0.159080943112317546583867056142481
                      0.004073326040703375942875208437499
                      0.018118246291461751612539288203152
                      0.000000000000000000000000000000000
                      0.000000000000000000000000000000000
                7000000.000000000000000000000000000000011
                7000000.000000000000000000000000000000011
                7000000.000000000000000000000000000000011
                     -0.154874454186298277091893282886303
                      0.115295788893255202189891406305833
                     -0.069950814196973215564057113624585
                     -0.171721061894483745247086403651338
                      0.000000000000000000000000000000000
                      0.000000000000000000000000000000000
                      0.167227862746505223645598903203791
                      0.085739995888809747426329010977497
                     -0.061688515927603014554758686927016
                     -0.044138393564613513653238641154530
                      0.000000000000000000000000000000000
                      0.000000000000000000000000000000000
                7000000.000000000000000000000000000000011
                7000000.000000000000000000000000000000011
                7000000.000000000000000000000000000000011
                     -0.004674384494799900015282734244693
                      0.152404919878006028799433124731877
                     -0.027654229408888529595511585057466
                     -0.231221897870971387911609440379834
                      0.000000000000000000000000000000000
                      0.000000000000000000000000000000000
                      0.034930232840969674401598865642882
                      0.095643807286396417821627835564868
                      0.072080282432292128169670775150735
                     -0.434310725263877039914461875014240
                      0.000000000000000000000000000000000
                      0.000000000000000000000000000000000
                7000000.000000000000000000000000000000011
                7000000.000000000000000000000000000000011
                7000000.000000000000000000000000000000011
                     -0.123049012130352922178566643651720
                      0.256662786203492643277712659255485
                     -0.113332343401342502953177415747632
                     -0.145641300429805609084610296122264
                      0.000000000000000000000000000000000
                      0.000000000000000000000000000000000
                     -0.195489037828129291751722007575154
                      0.247202301070510083169651238677034
                      0.042631870350295628102621492416802
                     -0.041496054966576198519412344012380
                      0.000000000000000000000000000000000
                      0.000000000000000000000000000000000
                7000000.000000000000000000000000000000011
                7000000.000000000000000000000000000000011
                7000000.000000000000000000000000000000011
                     -0.016179677483464792453471403632648
                      0.268826393480391057089207151875598
                      0.010950680622541003952918892139223
                     -0.031080515629888311179840343356773
                      0.000000000000000000000000000000000
                      0.000000000000000000000000000000000
                     -0.046150053246945120510869031704715
                      0.113211413319934978138903147737437
                     -0.006005077508533351003661149292157
                     -0.002436278573494070429777957897954
                      0.000000000000000000000000000000000
                      0.000000000000000000000000000000000
                7000000.000000000000000000000000000000011
                7000000.000000000000000000000000000000011
                7000000.000000000000000000000000000000011
                     -0.151038874130051320454626306855062
                      0.143379911212438537759794598969165
                     -0.042438573328028389441968215578527
                      0.097854933429735863059661937768396
                      0.000000000000000000000000000000000
                      0.000000000000000000000000000000000
                      0.000060690716507208128382977463389
                      0.144569339542988867242101491683570
                     -0.029492493790954348725774636363894
                      0.085558383594811007744063147129054
                      0.000000000000000000000000000000000
                      0.000000000000000000000000000000000
                7000000.000000000000000000000000000000011
                7000000.000000000000000000000000000000011
                7000000.000000000000000000000000000000011
                      0.081277621880052580705111608949665
                     -0.028362871104443659886484851995192
                      0.130197810514548012461588655241940
                     -0.154593382507615562104774653562345
                      0.000000000000000000000000000000000
                      0.000000000000000000000000000000000
                 201594.256031838071066886186599731445313
                   3352.448834397958307818043977022171021
                -788658.603269183542579412460327148437501
                 -13123.022740727390555548481643199920654
                      0.000000000000000000000000000000000
                      0.000000000000000000000000000000000
                7000000.000000000000000000000000000000011
                7000000.000000000000000000000000000000011
                7000000.000000000000000000000000000000011
                      0.064814811010079242947767852456309
                      0.142280750059439436983055315977253
                     -0.011267070848713395259110825463722
                     -0.107345527723094857908137100821477
                      0.000000000000000000000000000000000
                      0.000000000000000000000000000000000
                      0.009042423105714056386084109817602
                      0.132877174099819306274383734489675
                      0.111151749176470943103467448054289
                      0.105187955684868189587533038320544
                      0.000000000000000000000000000000000
                      0.000000000000000000000000000000000
                7000000.000000000000000000000000000000011
                7000000.000000000000000000000000000000011
                7000000.000000000000000000000000000000011
                     -0.074008052838826554609141794571769
                      0.419169912091999774528261468731216
                      0.049997544046061374867218063400287
                      0.083215717128658397983009820109146
                      0.000000000000000000000000000000000
                      0.000000000000000000000000000000000
                      0.036496030887706400192005418148256
                      0.046261303146901230909371349753201
                     -0.005704591078603519702094892807054
                     -0.039674185422683000412646947552275
                      0.000000000000000000000000000000000
                      0.000000000000000000000000000000000
                7000000.000000000000000000000000000000011
                7000000.000000000000000000000000000000011
                7000000.000000000000000000000000000000011
                     -0.072089937492107916683359292164823
                      0.067926291553335696460358406056912
                      0.132832002555016398526177567873674
                     -0.245035943489256502481055122188991
                      0.000000000000000000000000000000000
                      0.000000000000000000000000000000000
                     -0.147368030197659233282436730405607
                      0.037676808011745735460529260762996
                     -0.041107365313059369971160350587525
                      0.000444806497885209253459470879477
                      0.000000000000000000000000000000000
                      0.000000000000000000000000000000000
                7000000.000000000000000000000000000000011
                7000000.000000000000000000000000000000011
                7000000.000000000000000000000000000000011
            -4375957411.430996894836425781249999999997208
            -5341920671.920759201049804687499999999996591
           -28777725766.640525817871093750000000000006251
           -35130215233.770965576171875000000000000007631
                      0.000000000000000000000000000000000
                      0.000000000000000000000000000000000
                  -3541.252458939342432131525129079818726
                  -2102.085501927502264152280986309051514
                  -3019.980045028745735180564224720001221
                  -1721.764481898711665053269825875759125
                      0.000000000000000000000000000000000
                      0.000000000000000000000000000000000
                7000000.000000000000000000000000000000011
                7000000.000000000000000000000000000000011
                7000000.000000000000000000000000000000011
                      0.079838939493236976696621809423959
                      0.111401323393538809192193639319157
                     -0.063121688802172962184933169282886
                     -0.007730627202190874618092930603552
                      0.000000000000000000000000000000000
                      0.000000000000000000000000000000000
                   8640.933158517826086608693003654479980
                   7485.870126569991043652407824993133545
                  -3684.118154650084306922508403658866882
                  -3168.987461297349909727927297353744507
                      0.000000000000000000000000000000000
                      0.000000000000000000000000000000000
                7000000.000000000000000000000000000000011
                7000000.000000000000000000000000000000011
                7000000.000000000000000000000000000000011
               -2467263.081588250119239091873168945312504
               -2044943.726497812196612358093261718750003
                -403548.499380012450274080038070678710938
                -334552.450418342428747564554214477539063
                      0.000000000000000000000000000000000
                      0.000000000000000000000000000000000
                      0.057218913460474460364046933591453
                      0.249286103811878739788809866695374
                      0.037027338255083246110199723943879
                      0.048412810657413457571252024536079
                      0.000000000000000000000000000000000
                      0.000000000000000000000000000000000
                7000000.000000000000000000000000000000011
                7000000.000000000000000000000000000000011
                7000000.000000000000000000000000000000011
                     -0.177883219452509955260666174581274
                      0.200893508075400240020513820127235
                      0.025921580433821422850826365902321
                     -0.108079465172805339046036010586249
                      0.000000000000000000000000000000000
                      0.000000000000000000000000000000000
                     -0.046735330697949731271201301296969
                      0.142522064888297717022425104005379
                     -0.046865391550922966268366565145698
                     -0.138072028237568894537545816092461
                      0.000000000000000000000000000000000
                      0.000000000000000000000000000000000
                7000000.000000000000000000000000000000011
                7000000.000000000000000000000000000000011
                7000000.000000000000000000000000000000011
                     -0.032450610435513227436388206115225
                      0.436097465836867204114213336652028
                     -0.035546885244517441304612503927274
                     -0.125981561652492440872563861375966
                      0.000000000000000000000000000000000
                      0.000000000000000000000000000000000
                     -0.023539925539165770795868581899413
                      0.244828928070085716228732053423300
                     -0.006697462823366169895611399454083
                      0.108009284191313767453657135320100
                      0.000000000000000000000000000000000
                      0.000000000000000000000000000000000
                7000000.000000000000000000000000000000011
                7000000.000000000000000000000000000000011
                7000000.000000000000000000000000000000011
                     -0.021266573076979065903824306360548
                      0.087502853432293650759454806120630
                      0.052349982627778825217124136770508
                      0.070662243325469234478397595466959
                      0.000000000000000000000000000000000
                      0.000000000000000000000000000000000
                      0.117550214861042195968465762234700
                     -0.038774663455870453376839179782110
                     -0.035236584518128305498763097602932
                     -0.018765422815070358780742409976483
                      0.000000000000000000000000000000000
                      0.000000000000000000000000000000000
                7000000.000000000000000000000000000000011
                7000000.000000000000000000000000000000011
                7000000.000000000000000000000000000000011
                     -0.071569729781904387055924132710061
                      0.104274802631047242007511499650718
                     -0.087325862834259762590427556006034
                     -0.197820236476054928109746811060177
                      0.000000000000000000000000000000000
                      0.000000000000000000000000000000000
                     -0.032389441527115786501056504675944
                     -0.048510996023602287463560855940159
                     -0.015490442489608754680907587442107
                     -0.042279280459532546376788531006241
                      0.000000000000000000000000000000000
                      0.000000000000000000000000000000000
                7000000.000000000000000000000000000000011
                7000000.000000000000000000000000000000011
                7000000.000000000000000000000000000000011
                     -0.030839882756362766574875777791931
                      0.119996224436971554716535592888249
                     -0.019290924187004780676613080458992
                      0.017362935769920928574805429889238
                      0.000000000000000000000000000000000
                      0.000000000000000000000000000000000
                      0.003471152210229421896520163315358
                      0.133994021243806438192791574692819
                      0.082658577322261644892975596121687
                      0.040736593935513765174505351751577
                      0.000000000000000000000000000000000
                      0.000000000000000000000000000000000
                7000000.000000000000000000000000000000011
                7000000.000000000000000000000000000000011
                7000000.000000000000000000000000000000011
                     -0.144907943785258119806513832372730
                      0.058655981552909332299439171265476
                      0.037374577513536441641939234159508
                     -0.019748768289665204894722805306628
                      0.000000000000000000000000000000000
                      0.000000000000000000000000000000000
                   1730.840105010534443863434717059135437
          ***********************************************
                   1126.367690766863233875483274459838867
          ***********************************************
                      0.000000000000000000000000000000000
                      0.000000000000000000000000000000000
                7000000.000000000000000000000000000000011
                7000000.000000000000000000000000000000011
                7000000.000000000000000000000000000000011
                     -0.126832079002401093559271316735249
                     -0.192453723689939487639932735874027
                     -0.065586896842734818124931450711301
                     -0.155525495911448569108515016523597
                      0.000000000000000000000000000000000
                      0.000000000000000000000000000000000
                      0.014515482719128270511221856509110
                      0.366474603592835790344395263673505
                      0.101944576925333901806780545484798
                     -0.123432364344445086312695991637156
                      0.000000000000000000000000000000000
                      0.000000000000000000000000000000000
                7000000.000000000000000000000000000000011
                7000000.000000000000000000000000000000011
                7000000.000000000000000000000000000000011
                      0.054753135405774318311689086158367
                      0.115997980244025203355739961352810
                      0.065315486171423756123211035173881
                      0.121540026750103002939340512966737
                      0.000000000000000000000000000000000
                      0.000000000000000000000000000000000
                      0.050119470705007183874979403981342
                      0.064983390652216754812542376384954
                      0.105462731490601008266239091426542
                      0.104231649200034942603920740111789
                      0.000000000000000000000000000000000
                      0.000000000000000000000000000000000
                7000000.000000000000000000000000000000011
                7000000.000000000000000000000000000000011
                7000000.000000000000000000000000000000011
                     -0.160831450187965518949795296066441
                      0.235680400974067449926252493241918
                     -0.004029078892192618568945938761772
                      0.144704316390030340855332724459004
                      0.000000000000000000000000000000000
                      0.000000000000000000000000000000000
                     -0.067797564393803230742285848009487
                      0.008032141560628546644862169046064
                     -0.032307034474390858291847905547911
                     -0.074489975165524052735932514224260
                      0.000000000000000000000000000000000
                      0.000000000000000000000000000000000
                7000000.000000000000000000000000000000011
                7000000.000000000000000000000000000000011
                7000000.000000000000000000000000000000011
                      0.011536095605195027455347478451131
                      0.242800246549105591675754567404510
                      0.006127047878988813207901120705401
                     -0.008676750701223019321406404458230
                      0.000000000000000000000000000000000
                      0.000000000000000000000000000000000
                     -0.116869250566970880877981642242958
                      0.322274424623708366510754785849713
                     -0.002916205508269166610940681394482
                      0.001417825663615415385243601065213
                      0.000000000000000000000000000000000
                      0.000000000000000000000000000000000
                7000000.000000000000000000000000000000011
                7000000.000000000000000000000000000000011
                7000000.000000000000000000000000000000011
                     -0.118881440450659292551449652819429
                      0.312617671680710584869444801370264
                     -0.014130418285479239698387843304772
                      0.063856951542111128894418925483478
                      0.000000000000000000000000000000000
                      0.000000000000000000000000000000000
                     -0.126184347914573280480254879876156
                     -0.051647414033118559106849687623253
                     -0.008122483181893375148163727317296
                      0.096687583829639184296311782418343
                      0.000000000000000000000000000000000
                      0.000000000000000000000000000000000
                7000000.000000000000000000000000000000011
                7000000.000000000000000000000000000000011
                7000000.000000000000000000000000000000011
                      0.075497059840986882606195251810277
                      0.297845917875191046331195821039728
                     -0.013574518770275243589873426230952
                     -0.052400001982238195163965599476796
                      0.000000000000000000000000000000000
                      0.000000000000000000000000000000000
                     -0.025602755213874374418114854279338
                      0.445915837635396439253554490278475
                      0.043384424448091853110387461356368
                     -0.089934201147647219176661792516825
                      0.000000000000000000000000000000000
                      0.000000000000000000000000000000000
                7000000.000000000000000000000000000000011
                7000000.000000000000000000000000000000011
                7000000.000000000000000000000000000000011
                     -0.008109163218168192674428773614181
                     -0.129887434121699174571773482966819
                      0.095312933726095866449057325553440
                      0.078983328293409052478502019312145
                      0.000000000000000000000000000000000
                      0.000000000000000000000000000000000
                     -0.070796327749388029970667446377774
                      0.196108258750725961139238506802940
                     -0.001849131882016161448206714723597
                      0.013762355432056228021764354707557
                      0.000000000000000000000000000000000
                      0.000000000000000000000000000000000
                7000000.000000000000000000000000000000011
                7000000.000000000000000000000000000000011
                7000000.000000000000000000000000000000011
                      0.036415119141919562173459468112924
                      0.191047782738074101160918871755712
                      0.002680012602151979599768294448836
                     -0.014009679801650054206674234080765
                      0.000000000000000000000000000000000
                      0.000000000000000000000000000000000
                      0.031404363759762680963216752161316
                     -0.034434193754051718727726694169178
                      0.009730844403341040033117437246801
                     -0.071305251661647528482745883593452
                      0.000000000000000000000000000000000
                      0.000000000000000000000000000000000
                7000000.000000000000000000000000000000011
                7000000.000000000000000000000000000000011
                7000000.000000000000000000000000000000011
                      0.017994852994179341698632867974084
                      0.206752605613602979950371718587121
                      0.202047289300131327483001086875447
                      0.018453926481511128548929079329355
                      0.000000000000000000000000000000000
                      0.000000000000000000000000000000000
                      0.044560577888602730112221905756087
                      0.108672720046345261390996483896743
                     -0.122264657732453332905642184869066
                      0.161182464715024564849699117985438
                      0.000000000000000000000000000000000
                      0.000000000000000000000000000000000
                7000000.000000000000000000000000000000011
                7000000.000000000000000000000000000000011
                7000000.000000000000000000000000000000011
                     -0.032883693881390618773963296916918
                      0.166454647126295984804755789809860
                      0.115356185196494889777518721984961
                      0.018393121054434663497190172165574
                      0.000000000000000000000000000000000
                      0.000000000000000000000000000000000
                     -0.057305656474915964149197122878832
                      0.231183456966673001042877899635641
                      0.174644889183382501229857552971225
                     -0.016994026443645646878843891158795
                      0.000000000000000000000000000000000
                      0.000000000000000000000000000000000
                7000000.000000000000000000000000000000011
                7000000.000000000000000000000000000000011
                7000000.000000000000000000000000000000011
                      0.067120311715495623028360228090605
                      0.221408811754824658146745264275523
                     -0.074687921425583961299032864644687
                      0.228545132803670170140719619666925
                      0.000000000000000000000000000000000
                      0.000000000000000000000000000000000
                     -0.037442459184123581816816539458159
                      0.224362956282679104624833144043805
                      0.111177674723512101562228338025307
                      0.109446934051546457267178880101710
                      0.000000000000000000000000000000000
                      0.000000000000000000000000000000000
                7000000.000000000000000000000000000000011
                7000000.000000000000000000000000000000011
                7000000.000000000000000000000000000000011
                     -0.040004897649673951121052084545227
                     -0.186158798057573654505247873203189
                      0.015291698936313231210748497801433
                      0.126251571936070089430259599794226
                      0.000000000000000000000000000000000
                      0.000000000000000000000000000000000
                      0.015898698324653456198651824138324
                      0.110961727279219185549052895112254
                      0.007652372881847550878386954309462
                     -0.013982150006239105199945527147065
                      0.000000000000000000000000000000000
                      0.000000000000000000000000000000000
                7000000.000000000000000000000000000000011
                7000000.000000000000000000000000000000011
                7000000.000000000000000000000000000000011
                    843.886799272110465608420781791210175
          ***********************************************
                  -6885.672642469212405558209866285324097
          ***********************************************
                      0.000000000000000000000000000000000
                      0.000000000000000000000000000000000
                     -0.151171770478557399020047569138114
                      0.300800695602173040477111953805434
                      0.037898073062357318097070901785628
                     -0.115290341266823581634071160806343
                      0.000000000000000000000000000000000
                      0.000000000000000000000000000000000
                7000000.000000000000000000000000000000011
                7000000.000000000000000000000000000000011
                7000000.000000000000000000000000000000011
                     -0.006230150072704472921647500527342
                      0.135057143645232524686861097507062
                      0.127357343781503401514143547501590
                     -0.108680583943912667521658477198798
                      0.000000000000000000000000000000000
                      0.000000000000000000000000000000000
          2498474819133.759277343750000000000000003881619
          4355891475930.385742187500000000000000006767292
            -2715257732.954135417938232421874999999998267
            -4733836018.637478828430175781249999999996979
                      0.000000000000000000000000000000000
                      0.000000000000000000000000000000000
                7000000.000000000000000000000000000000011
                7000000.000000000000000000000000000000011
                7000000.000000000000000000000000000000011
                     -0.084758245204543267159458252990589
                      0.290285464594668363158547208513482
                      0.009684781318191674343021091431183
                      0.253755165757540923632262774845003
                      0.000000000000000000000000000000000
                      0.000000000000000000000000000000000
                     -0.186518879894183614576164131904079
                      0.300542480146105961402724915387807
                      0.041836005407844677195239313505226
                     -0.048652855636174885400890843811794
                      0.000000000000000000000000000000000
                      0.000000000000000000000000000000000
                7000000.000000000000000000000000000000011
                7000000.000000000000000000000000000000011
                7000000.000000000000000000000000000000011
                     -0.066236481887507414612059619685169
                      0.097545380912071613654923396552476
                     -0.020262354473475623073408513619142
                     -0.018972700425795969991771272589176
                      0.000000000000000000000000000000000
                      0.000000000000000000000000000000000
                     -0.038532086733318163251915677847137
                      0.087562722602754203271580024647847
                     -0.005612812723197703988764484250851
                     -0.004934866626949707853200255414094
                      0.000000000000000000000000000000000
                      0.000000000000000000000000000000000
                7000000.000000000000000000000000000000011
                7000000.000000000000000000000000000000011
                7000000.000000000000000000000000000000011
                     -0.114575053609817414934646251367667
                      0.302517752113832805171966811030870
                     -0.033644224828207343336305967795852
                      0.126445632944731017888173596475099
                      0.000000000000000000000000000000000
                      0.000000000000000000000000000000000
                      0.002514184734574548361202284141314
                      0.140870802102805892097592277423246
                      0.022415200842356847177327949793835
                      0.091789922769952195236164982361515
                      0.000000000000000000000000000000000
                      0.000000000000000000000000000000000
                7000000.000000000000000000000000000000011
                7000000.000000000000000000000000000000011
                7000000.000000000000000000000000000000011
                     -0.001147121571590635361395649205463
                      0.018725614055585926287506026710616
                      0.158897453308308123087755348024075
                      0.171144896803683804753504205109493
                      0.000000000000000000000000000000000
                      0.000000000000000000000000000000000
                 201594.256031838071066886186599731445313
                   3352.448834397958307818043977022171021
                -788658.603269183542579412460327148437501
                 -13123.022740727390555548481643199920654
                      0.000000000000000000000000000000000
                      0.000000000000000000000000000000000
                7000000.000000000000000000000000000000011
                7000000.000000000000000000000000000000011
                7000000.000000000000000000000000000000011
                      0.065650191772891719477200922483462
                      0.147650334993639359426609303227451
                     -0.052478998931885352530191113373803
                      0.043648483673436953844682051339987
                      0.000000000000000000000000000000000
                      0.000000000000000000000000000000000
                      0.009150356154702568578507282381906
                      0.139199588840061894146060694765765
                     -0.076098952802786209992369492738362
                     -0.194652260227812484716380936333735
                      0.000000000000000000000000000000000
                      0.000000000000000000000000000000000
                7000000.000000000000000000000000000000011
                7000000.000000000000000000000000000000011
                7000000.000000000000000000000000000000011
                      0.123027003181810229426318414880370
                      0.360291174094607868916284587612608
                      0.000967930285879993381609187608206
                     -0.171182295557628594284693690497079
                      0.000000000000000000000000000000000
                      0.000000000000000000000000000000000
                      0.024518786202883523228646112102069
                      0.252723801907235368080506532351137
                     -0.014152956584340639634156389092823
                      0.016364415103432734810429138860854
                      0.000000000000000000000000000000000
                      0.000000000000000000000000000000000
                7000000.000000000000000000000000000000011
                7000000.000000000000000000000000000000011
                7000000.000000000000000000000000000000011
                     -0.064694070896107291890331225658883
                     -0.169167738946222001583663541168789
                     -0.145590045531673428769181555253454
                      0.026088051792002384804414205632384
                      0.000000000000000000000000000000000
                      0.000000000000000000000000000000000
                      0.096227724848862036810537290421053
                      0.376039993422748575202518850346678
                      0.043495706126631145105321252231079
                      0.079424322553649437383960218994616
                      0.000000000000000000000000000000000
                      0.000000000000000000000000000000000
                7000000.000000000000000000000000000000011
                7000000.000000000000000000000000000000011
                7000000.000000000000000000000000000000011
            -4375957411.430996894836425781249999999997208
            -5341920671.920759201049804687499999999996591
           -28777725766.640525817871093750000000000006251
           -35130215233.770965576171875000000000000007631
                      0.000000000000000000000000000000000
                      0.000000000000000000000000000000000
                  -3541.252458939342432131525129079818726
                  -2102.085501927502264152280986309051514
                  -3019.980045028745735180564224720001221
                  -1721.764481898711665053269825875759125
                      0.000000000000000000000000000000000
                      0.000000000000000000000000000000000
                7000000.000000000000000000000000000000011
                7000000.000000000000000000000000000000011
                7000000.000000000000000000000000000000011
                     -0.071489531685038174013691048003238
                      0.216562230461577770457282099414442
                      0.063225315356103845010338204701839
                     -0.006092936100901788845640716374419
                      0.000000000000000000000000000000000
                      0.000000000000000000000000000000000
                   8640.933158517826086608693003654479980
                   7485.870126569991043652407824993133545
                  -3684.118154650084306922508403658866882
                  -3168.987461297349909727927297353744507
                      0.000000000000000000000000000000000
                      0.000000000000000000000000000000000
                7000000.000000000000000000000000000000011
                7000000.000000000000000000000000000000011
                7000000.000000000000000000000000000000011
               -2467263.081588250119239091873168945312504
               -2044943.726497812196612358093261718750003
                -403548.499380012450274080038070678710938
                -334552.450418342428747564554214477539063
                      0.000000000000000000000000000000000
                      0.000000000000000000000000000000000
                      0.012044815895651594939153028462897
                     -0.011525810259567524640456070983419
                      0.009612288225931561735926322853629
                      0.071290615978580204603609615787718
                      0.000000000000000000000000000000000
                      0.000000000000000000000000000000000
                7000000.000000000000000000000000000000011
                7000000.000000000000000000000000000000011
                7000000.000000000000000000000000000000011
                     -0.152754572857993708989710057721823
                      0.329819584037328195069704861452919
                      0.084602960675586827421490454526065
                      0.015270699288264430112938008221590
                      0.000000000000000000000000000000000
                      0.000000000000000000000000000000000
                     -0.038811871149710304440549890614420
                      0.153941700548592935726688324393763
                     -0.061473602956241595041131375865007
                      0.127509586666103819085904547137034
                      0.000000000000000000000000000000000
                      0.000000000000000000000000000000000
                7000000.000000000000000000000000000000011
                7000000.000000000000000000000000000000011
                7000000.000000000000000000000000000000011
                      0.151736961607351533709575619468524
                      0.294511268025488992527982645697193
                      0.030961099116241494466628125792340
                     -0.084322935936950990654104032273608
                      0.000000000000000000000000000000000
                      0.000000000000000000000000000000000
                     -0.048538622569271695772474828345366
                      0.067487937457957059006474764828454
                      0.044871939885570290285077277303571
                      0.062957477457064314751988831631024
                      0.000000000000000000000000000000000
                      0.000000000000000000000000000000000
                7000000.000000000000000000000000000000011
                7000000.000000000000000000000000000000011
                7000000.000000000000000000000000000000011
                      0.008852038928543049314812130035079
                      0.075129084599302217717387009088270
                      0.020006642237745220908040622020962
                      0.114264728752319674742743416118174
                      0.000000000000000000000000000000000
                      0.000000000000000000000000000000000
                      0.068140324322311790483652771399647
                      0.371773253168687756176069569846732
                     -0.030856329034016520551642059899677
                     -0.111329364313635756356113404308417
                      0.000000000000000000000000000000000
                      0.000000000000000000000000000000000
                7000000.000000000000000000000000000000011
                7000000.000000000000000000000000000000011
                7000000.000000000000000000000000000000011
                      0.044521616580013356756495568333776
                      0.259796647367472433032276057929266
                     -0.017432827189859726596532496500913
                      0.250454031750850625304138930005138
                      0.000000000000000000000000000000000
                      0.000000000000000000000000000000000
                     -0.084779523064736447834910393339669
                      0.266758465648548881432589041651227
                     -0.019225095138143490774984556423988
                      0.050380544122888580582664275198113
                      0.000000000000000000000000000000000
                      0.000000000000000000000000000000000
                7000000.000000000000000000000000000000011
                7000000.000000000000000000000000000000011
                7000000.000000000000000000000000000000011
                      0.024746962717559224664842787433372
                      0.185660106877296532390531069722783
                     -0.012259203255476485219799265280471
                      0.026841762902117906330889951505014
                      0.000000000000000000000000000000000
                      0.000000000000000000000000000000000
                      0.000124657488892671811792078884196
                      0.130086612041361737723832447954919
                      0.072031232388466190363907060145721
                      0.079496447342325013418751211702329
                      0.000000000000000000000000000000000
                      0.000000000000000000000000000000000
                7000000.000000000000000000000000000000011
                7000000.000000000000000000000000000000011
                7000000.000000000000000000000000000000011
                      0.113549589194403194314375582507637
                      0.337150431016845497644851548102451
                     -0.053353941491585676892839273932623
                     -0.027061858712053986353307521994793
                      0.000000000000000000000000000000000
                      0.000000000000000000000000000000000
                   1730.840105010534443863434717059135437
          ***********************************************
                   1126.367690766863233875483274459838867
          ***********************************************
                      0.000000000000000000000000000000000
                      0.000000000000000000000000000000000
                7000000.000000000000000000000000000000011
                7000000.000000000000000000000000000000011
                7000000.000000000000000000000000000000011
                   4097.849923324796691304072737693786621
                   2643.848000202342518605291843414306641
                   -329.812992059358180085837375372648239
                   -229.607717619132557729244581423699856
                      0.000000000000000000000000000000000
                      0.000000000000000000000000000000000
                      0.163134824893660518307925144654291
                      0.096533760350988206955236137218890
                     -0.170408382410194403355774284136714
                     -0.011904279384167909539016250164423
                      0.000000000000000000000000000000000
                      0.000000000000000000000000000000000
                7000000.000000000000000000000000000000011
                7000000.000000000000000000000000000000011
                7000000.000000000000000000000000000000011
                      0.047674039372981903694981298258426
                      0.092555429754174134426847331269528
                      0.001059883139771192629013940589289
                      0.172205418473925175870675730038784
                      0.000000000000000000000000000000000
                      0.000000000000000000000000000000000
                     -0.005430072877492916200159456252550
                      0.242891494479540198669909045747772
                      0.066404012142163390541860223947879
                      0.190401105927035185771956093958579
                      0.000000000000000000000000000000000
                      0.000000000000000000000000000000000
                7000000.000000000000000000000000000000011
                7000000.000000000000000000000000000000011
                7000000.000000000000000000000000000000011
                      0.169064915888095579354910569236381
                      0.161403103535380371136298549572530
                      0.050603213439447750077171406246634
                      0.159484093626398870657823181318236
                      0.000000000000000000000000000000000
                      0.000000000000000000000000000000000
                      0.033945452934542361123071430029086
                     -0.037843965309392504914320909392700
                     -0.005395331598827086613812120674538
                      0.085757704640420970298997360714566
                      0.000000000000000000000000000000000
                      0.000000000000000000000000000000000
                7000000.000000000000000000000000000000011
                7000000.000000000000000000000000000000011
                7000000.000000000000000000000000000000011
                     -0.051146505191904063913899136650798
                      0.186579424430806384282988119593938
                     -0.000608961431520462252373060429989
                      0.015516852737840669887448008523734
                      0.000000000000000000000000000000000
                      0.000000000000000000000000000000000
                      0.138173042080223240635206138904323
                      0.215004415098518697480045602787868
                      0.002086088001072646577055413885660
                      0.032043031637179079929023117756515
                      0.000000000000000000000000000000000
                      0.000000000000000000000000000000000
                7000000.000000000000000000000000000000011
                7000000.000000000000000000000000000000011
                7000000.000000000000000000000000000000011
                     -0.013457522764603695869523036776627
                      0.399071408216548739744666818296537
                      0.029349951532436368423217842860140
                      0.086136865970261725089507365282770
                      0.000000000000000000000000000000000
                      0.000000000000000000000000000000000
                      0.067599400074829771312145965111995
                      0.443498805295900189182844997048960
                     -0.014106576910912948380483200594426
                     -0.022902474279380104910108784110889
                      0.000000000000000000000000000000000
                      0.000000000000000000000000000000000
                7000000.000000000000000000000000000000011
                7000000.000000000000000000000000000000011
                7000000.000000000000000000000000000000011
                     -0.043013339637778778834498183414325
                      0.340368998654587584518083076545736
                      0.012063407271392823094657842375454
                     -0.038767756050700506731399030968532
                      0.000000000000000000000000000000000
                      0.000000000000000000000000000000000
                     -0.176514812626597905609315830588457
                      0.283548761688096562227912045273115
                      0.019710556101062263328893564562350
                     -0.036282946529838169813508841343719
                      0.000000000000000000000000000000000
                      0.000000000000000000000000000000000
                7000000.000000000000000000000000000000011
                7000000.000000000000000000000000000000011
                7000000.000000000000000000000000000000011
                     -0.008109163218168192674428773614181
                     -0.129887434121699174571773482966819
                      0.095312933726095866449057325553440
                      0.078983328293409052478502019312145
                      0.000000000000000000000000000000000
                      0.000000000000000000000000000000000
                     -0.070796327749388029970667446377774
                      0.196108258750725961139238506802940
                     -0.001849131882016161448206714723597
                      0.013762355432056228021764354707557
                      0.000000000000000000000000000000000
                      0.000000000000000000000000000000000
                7000000.000000000000000000000000000000011
                7000000.000000000000000000000000000000011
                7000000.000000000000000000000000000000011
                      0.036415119141919562173459468112924
                      0.191047782738074101160918871755712
                      0.002680012602151979599768294448836
                     -0.014009679801650054206674234080765
                      0.000000000000000000000000000000000
                      0.000000000000000000000000000000000
                      0.031404363759762680963216752161316
                     -0.034434193754051718727726694169178
                      0.009730844403341040033117437246801
                     -0.071305251661647528482745883593452
                      0.000000000000000000000000000000000
                      0.000000000000000000000000000000000
                7000000.000000000000000000000000000000011
                7000000.000000000000000000000000000000011
                7000000.000000000000000000000000000000011
                      0.017994852994179341698632867974084
                      0.206752605613602979950371718587121
                      0.202047289300131327483001086875447
                      0.018453926481511128548929079329355
                      0.000000000000000000000000000000000
                      0.000000000000000000000000000000000
                      0.044560577888602730112221905756087
                      0.108672720046345261390996483896743
                     -0.122264657732453332905642184869066
                      0.161182464715024564849699117985438
                      0.000000000000000000000000000000000
                      0.000000000000000000000000000000000
                7000000.000000000000000000000000000000011
                7000000.000000000000000000000000000000011
                7000000.000000000000000000000000000000011
                     -0.032883693881390618773963296916918
                      0.166454647126295984804755789809860
                      0.115356185196494889777518721984961
                      0.018393121054434663497190172165574
                      0.000000000000000000000000000000000
                      0.000000000000000000000000000000000
                     -0.057305656474915964149197122878832
                      0.231183456966673001042877899635641
                      0.174644889183382501229857552971225
                     -0.016994026443645646878843891158795
                      0.000000000000000000000000000000000
                      0.000000000000000000000000000000000
                7000000.000000000000000000000000000000011
                7000000.000000000000000000000000000000011
                7000000.000000000000000000000000000000011
                      0.067120311715495623028360228090605
                      0.221408811754824658146745264275523
                     -0.074687921425583961299032864644687
                      0.228545132803670170140719619666925
                      0.000000000000000000000000000000000
                      0.000000000000000000000000000000000
                     -0.037442459184123581816816539458159
                      0.224362956282679104624833144043805
                      0.111177674723512101562228338025307
                      0.109446934051546457267178880101710
                      0.000000000000000000000000000000000
                      0.000000000000000000000000000000000
                7000000.000000000000000000000000000000011
                7000000.000000000000000000000000000000011
                7000000.000000000000000000000000000000011
                     -0.040004897649673951121052084545227
                     -0.186158798057573654505247873203189
                      0.015291698936313231210748497801433
                      0.126251571936070089430259599794226
                      0.000000000000000000000000000000000
                      0.000000000000000000000000000000000
                      0.015898698324653456198651824138324
                      0.110961727279219185549052895112254
                      0.007652372881847550878386954309462
                     -0.013982150006239105199945527147065
                      0.000000000000000000000000000000000
                      0.000000000000000000000000000000000
                7000000.000000000000000000000000000000011
                7000000.000000000000000000000000000000011
                7000000.000000000000000000000000000000011
                    843.886799272110465608420781791210175
          ***********************************************
                  -6885.672642469212405558209866285324097
          ***********************************************
                      0.000000000000000000000000000000000
                      0.000000000000000000000000000000000
                     -0.151171770478557399020047569138114
                      0.300800695602173040477111953805434
                      0.037898073062357318097070901785628
                     -0.115290341266823581634071160806343
                      0.000000000000000000000000000000000
                      0.000000000000000000000000000000000
                7000000.000000000000000000000000000000011
                7000000.000000000000000000000000000000011
                7000000.000000000000000000000000000000011
                     -0.006230150072704472921647500527342
                      0.135057143645232524686861097507062
                      0.127357343781503401514143547501590
                     -0.108680583943912667521658477198798
                      0.000000000000000000000000000000000
                      0.000000000000000000000000000000000
          2498474819133.759277343750000000000000003881619
          4355891475930.385742187500000000000000006767292
            -2715257732.954135417938232421874999999998267
            -4733836018.637478828430175781249999999996979
                      0.000000000000000000000000000000000
                      0.000000000000000000000000000000000
                7000000.000000000000000000000000000000011
                7000000.000000000000000000000000000000011
                7000000.000000000000000000000000000000011
                     -0.084758245204543267159458252990589
                      0.290285464594668363158547208513482
                      0.009684781318191674343021091431183
                      0.253755165757540923632262774845003
                      0.000000000000000000000000000000000
                      0.000000000000000000000000000000000
                     -0.186518879894183614576164131904079
                      0.300542480146105961402724915387807
                      0.041836005407844677195239313505226
                     -0.048652855636174885400890843811794
                      0.000000000000000000000000000000000
                      0.000000000000000000000000000000000
                7000000.000000000000000000000000000000011
                7000000.000000000000000000000000000000011
                7000000.000000000000000000000000000000011
                     -0.066236481887507414612059619685169
                      0.097545380912071613654923396552476
                     -0.020262354473475623073408513619142
                     -0.018972700425795969991771272589176
                      0.000000000000000000000000000000000
                      0.000000000000000000000000000000000
                     -0.038532086733318163251915677847137
                      0.087562722602754203271580024647847
                     -0.005612812723197703988764484250851
                     -0.004934866626949707853200255414094
                      0.000000000000000000000000000000000
                      0.000000000000000000000000000000000
                7000000.000000000000000000000000000000011
                7000000.000000000000000000000000000000011
                7000000.000000000000000000000000000000011
                     -0.114575053609817414934646251367667
                      0.302517752113832805171966811030870
                     -0.033644224828207343336305967795852
                      0.126445632944731017888173596475099
                      0.000000000000000000000000000000000
                      0.000000000000000000000000000000000
                      0.002514184734574548361202284141314
                      0.140870802102805892097592277423246
                      0.022415200842356847177327949793835
                      0.091789922769952195236164982361515
                      0.000000000000000000000000000000000
                      0.000000000000000000000000000000000
                7000000.000000000000000000000000000000011
                7000000.000000000000000000000000000000011
                7000000.000000000000000000000000000000011
                     -0.001147121571590635361395649205463
                      0.018725614055585926287506026710616
                      0.158897453308308123087755348024075
                      0.171144896803683804753504205109493
                      0.000000000000000000000000000000000
                      0.000000000000000000000000000000000
                 201594.256031838071066886186599731445313
                   3352.448834397958307818043977022171021
                -788658.603269183542579412460327148437501
                 -13123.022740727390555548481643199920654
                      0.000000000000000000000000000000000
                      0.000000000000000000000000000000000
                7000000.000000000000000000000000000000011
                7000000.000000000000000000000000000000011
                7000000.000000000000000000000000000000011
                      0.065650191772891719477200922483462
                      0.147650334993639359426609303227451
                     -0.052478998931885352530191113373803
                      0.043648483673436953844682051339987
                      0.000000000000000000000000000000000
                      0.000000000000000000000000000000000
                      0.009150356154702568578507282381906
                      0.139199588840061894146060694765765
                     -0.076098952802786209992369492738362
                     -0.194652260227812484716380936333735
                      0.000000000000000000000000000000000
                      0.000000000000000000000000000000000
                7000000.000000000000000000000000000000011
                7000000.000000000000000000000000000000011
                7000000.000000000000000000000000000000011
                      0.123027003181810229426318414880370
                      0.360291174094607868916284587612608
                      0.000967930285879993381609187608206
                     -0.171182295557628594284693690497079
                      0.000000000000000000000000000000000
                      0.000000000000000000000000000000000
                      0.024518786202883523228646112102069
                      0.252723801907235368080506532351137
                     -0.014152956584340639634156389092823
                      0.016364415103432734810429138860854
                      0.000000000000000000000000000000000
                      0.000000000000000000000000000000000
                7000000.000000000000000000000000000000011
                7000000.000000000000000000000000000000011
                7000000.000000000000000000000000000000011
                     -0.064694070896107291890331225658883
                     -0.169167738946222001583663541168789
                     -0.145590045531673428769181555253454
                      0.026088051792002384804414205632384
                      0.000000000000000000000000000000000
                      0.000000000000000000000000000000000
                      0.096227724848862036810537290421053
                      0.376039993422748575202518850346678
                      0.043495706126631145105321252231079
                      0.079424322553649437383960218994616
                      0.000000000000000000000000000000000
                      0.000000000000000000000000000000000
                7000000.000000000000000000000000000000011
                7000000.000000000000000000000000000000011
                7000000.000000000000000000000000000000011
            -4375957411.430996894836425781249999999997208
            -5341920671.920759201049804687499999999996591
           -28777725766.640525817871093750000000000006251
           -35130215233.770965576171875000000000000007631
                      0.000000000000000000000000000000000
                      0.000000000000000000000000000000000
                  -3541.252458939342432131525129079818726
                  -2102.085501927502264152280986309051514
                  -3019.980045028745735180564224720001221
                  -1721.764481898711665053269825875759125
                      0.000000000000000000000000000000000
                      0.000000000000000000000000000000000
                7000000.000000000000000000000000000000011
                7000000.000000000000000000000000000000011
                7000000.000000000000000000000000000000011
                     -0.071489531685038174013691048003238
                      0.216562230461577770457282099414442
                      0.063225315356103845010338204701839
                     -0.006092936100901788845640716374419
                      0.000000000000000000000000000000000
                      0.000000000000000000000000000000000
                   8640.933158517826086608693003654479980
                   7485.870126569991043652407824993133545
                  -3684.118154650084306922508403658866882
                  -3168.987461297349909727927297353744507
                      0.000000000000000000000000000000000
                      0.000000000000000000000000000000000
                7000000.000000000000000000000000000000011
                7000000.000000000000000000000000000000011
                7000000.000000000000000000000000000000011
               -2467263.081588250119239091873168945312504
               -2044943.726497812196612358093261718750003
                -403548.499380012450274080038070678710938
                -334552.450418342428747564554214477539063
                      0.000000000000000000000000000000000
                      0.000000000000000000000000000000000
                      0.012044815895651594939153028462897
                     -0.011525810259567524640456070983419
                      0.009612288225931561735926322853629
                      0.071290615978580204603609615787718
                      0.000000000000000000000000000000000
                      0.000000000000000000000000000000000
                7000000.000000000000000000000000000000011
                7000000.000000000000000000000000000000011
                7000000.000000000000000000000000000000011
                     -0.152754572857993708989710057721823
                      0.329819584037328195069704861452919
                      0.084602960675586827421490454526065
                      0.015270699288264430112938008221590
                      0.000000000000000000000000000000000
                      0.000000000000000000000000000000000
                     -0.038811871149710304440549890614420
                      0.153941700548592935726688324393763
                     -0.061473602956241595041131375865007
                      0.127509586666103819085904547137034
                      0.000000000000000000000000000000000
                      0.000000000000000000000000000000000
                7000000.000000000000000000000000000000011
                7000000.000000000000000000000000000000011
                7000000.000000000000000000000000000000011
                      0.151736961607351533709575619468524
                      0.294511268025488992527982645697193
                      0.030961099116241494466628125792340
                     -0.084322935936950990654104032273608
                      0.000000000000000000000000000000000
                      0.000000000000000000000000000000000
                     -0.048538622569271695772474828345366
                      0.067487937457957059006474764828454
                      0.044871939885570290285077277303571
                      0.062957477457064314751988831631024
                      0.000000000000000000000000000000000
                      0.000000000000000000000000000000000
                7000000.000000000000000000000000000000011
                7000000.000000000000000000000000000000011
                7000000.000000000000000000000000000000011
                      0.008852038928543049314812130035079
                      0.075129084599302217717387009088270
                      0.020006642237745220908040622020962
                      0.114264728752319674742743416118174
                      0.000000000000000000000000000000000
                      0.000000000000000000000000000000000
                      0.068140324322311790483652771399647
                      0.371773253168687756176069569846732
                     -0.030856329034016520551642059899677
                     -0.111329364313635756356113404308417
                      0.000000000000000000000000000000000
                      0.000000000000000000000000000000000
                7000000.000000000000000000000000000000011
                7000000.000000000000000000000000000000011
                7000000.000000000000000000000000000000011
                      0.044521616580013356756495568333776
                      0.259796647367472433032276057929266
                     -0.017432827189859726596532496500913
                      0.250454031750850625304138930005138
                      0.000000000000000000000000000000000
                      0.000000000000000000000000000000000
                     -0.084779523064736447834910393339669
                      0.266758465648548881432589041651227
                     -0.019225095138143490774984556423988
                      0.050380544122888580582664275198113
                      0.000000000000000000000000000000000
                      0.000000000000000000000000000000000
                7000000.000000000000000000000000000000011
                7000000.000000000000000000000000000000011
                7000000.000000000000000000000000000000011
                      0.024746962717559224664842787433372
                      0.185660106877296532390531069722783
                     -0.012259203255476485219799265280471
                      0.026841762902117906330889951505014
                      0.000000000000000000000000000000000
                      0.000000000000000000000000000000000
                      0.000124657488892671811792078884196
                      0.130086612041361737723832447954919
                      0.072031232388466190363907060145721
                      0.079496447342325013418751211702329
                      0.000000000000000000000000000000000
                      0.000000000000000000000000000000000
                7000000.000000000000000000000000000000011
                7000000.000000000000000000000000000000011
                7000000.000000000000000000000000000000011
                      0.113549589194403194314375582507637
                      0.337150431016845497644851548102451
                     -0.053353941491585676892839273932623
                     -0.027061858712053986353307521994793
                      0.000000000000000000000000000000000
                      0.000000000000000000000000000000000
                   1730.840105010534443863434717059135437
          ***********************************************
                   1126.367690766863233875483274459838867
          ***********************************************
                      0.000000000000000000000000000000000
                      0.000000000000000000000000000000000
                7000000.000000000000000000000000000000011
                7000000.000000000000000000000000000000011
                7000000.000000000000000000000000000000011
                   4097.849923324796691304072737693786621
                   2643.848000202342518605291843414306641
                   -329.812992059358180085837375372648239
                   -229.607717619132557729244581423699856
                      0.000000000000000000000000000000000
                      0.000000000000000000000000000000000
                      0.163134824893660518307925144654291
                      0.096533760350988206955236137218890
                     -0.170408382410194403355774284136714
                     -0.011904279384167909539016250164423
                      0.000000000000000000000000000000000
                      0.000000000000000000000000000000000
                7000000.000000000000000000000000000000011
                7000000.000000000000000000000000000000011
                7000000.000000000000000000000000000000011
                      0.047674039372981903694981298258426
                      0.092555429754174134426847331269528
                      0.001059883139771192629013940589289
                      0.172205418473925175870675730038784
                      0.000000000000000000000000000000000
                      0.000000000000000000000000000000000
                     -0.005430072877492916200159456252550
                      0.242891494479540198669909045747772
                      0.066404012142163390541860223947879
                      0.190401105927035185771956093958579
                      0.000000000000000000000000000000000
                      0.000000000000000000000000000000000
                7000000.000000000000000000000000000000011
                7000000.000000000000000000000000000000011
                7000000.000000000000000000000000000000011
                      0.169064915888095579354910569236381
                      0.161403103535380371136298549572530
                      0.050603213439447750077171406246634
                      0.159484093626398870657823181318236
                      0.000000000000000000000000000000000
                      0.000000000000000000000000000000000
                      0.033945452934542361123071430029086
                     -0.037843965309392504914320909392700
                     -0.005395331598827086613812120674538
                      0.085757704640420970298997360714566
                      0.000000000000000000000000000000000
                      0.000000000000000000000000000000000
                7000000.000000000000000000000000000000011
                7000000.000000000000000000000000000000011
                7000000.000000000000000000000000000000011
                     -0.051146505191904063913899136650798
                      0.186579424430806384282988119593938
                     -0.000608961431520462252373060429989
                      0.015516852737840669887448008523734
                      0.000000000000000000000000000000000
                      0.000000000000000000000000000000000
                      0.138173042080223240635206138904323
                      0.215004415098518697480045602787868
                      0.002086088001072646577055413885660
                      0.032043031637179079929023117756515
                      0.000000000000000000000000000000000
                      0.000000000000000000000000000000000
                7000000.000000000000000000000000000000011
                7000000.000000000000000000000000000000011
                7000000.000000000000000000000000000000011
                     -0.013457522764603695869523036776627
                      0.399071408216548739744666818296537
                      0.029349951532436368423217842860140
                      0.086136865970261725089507365282770
                      0.000000000000000000000000000000000
                      0.000000000000000000000000000000000
                      0.067599400074829771312145965111995
                      0.443498805295900189182844997048960
                     -0.014106576910912948380483200594426
                     -0.022902474279380104910108784110889
                      0.000000000000000000000000000000000
                      0.000000000000000000000000000000000
                7000000.000000000000000000000000000000011
                7000000.000000000000000000000000000000011
                7000000.000000000000000000000000000000011
                     -0.043013339637778778834498183414325
                      0.340368998654587584518083076545736
                      0.012063407271392823094657842375454
                     -0.038767756050700506731399030968532
                      0.000000000000000000000000000000000
                      0.000000000000000000000000000000000
                     -0.176514812626597905609315830588457
                      0.283548761688096562227912045273115
                      0.019710556101062263328893564562350
                     -0.036282946529838169813508841343719
                      0.000000000000000000000000000000000
                      0.000000000000000000000000000000000
                7000000.000000000000000000000000000000011
                7000000.000000000000000000000000000000011
                7000000.000000000000000000000000000000011
