 60.000000  0.098609
 60.015625  0.094625
 60.031250  0.110569
 60.046875  0.147477
 60.062500  0.248199
 60.078125  1.000000
 60.093750  0.459359
 60.109375  0.182677
 60.125000  0.110808
 60.140625  0.074148
 60.156250  0.051386
 60.171875  0.170336
 60.187500  0.081077
 60.203125  0.064502
 60.218750  0.056352
 60.234375  0.051342
 60.250000  0.054449
 60.265625  0.048167
 60.281250  0.048800
 60.296875  0.053186
 60.312500  0.069054
 60.328125  0.271590
 60.343750  0.028419
 60.359375  0.001990
 60.375000  0.009768
 60.390625  0.013641
 60.406250  0.017037
 60.421875  0.010880
 60.437500  0.013331
 60.453125  0.014644
 60.468750  0.015173
 60.484375  0.015406
