            0.122503837650768970801706814199861
            0.142510546700000018116583078153781
           -0.114555925062415450699226937558706
           -0.000019914486060000001184724927050
            0.000000000000000000000000000000000
            0.000000000000000000000000000000000
           -0.076487014949762149873535577171424
            0.142510546700000018116583078153781
           -0.002781044899192122547837424662021
           -0.000019914486060000001184724927050
            0.000000000000000000000000000000000
            0.000000000000000000000000000000000
      7000000.000000000000000000000000000000000
      7000000.000000000000000000000000000000000
      7000000.000000000000000000000000000000000
            0.045931003453084429111186182126403
            0.142510546700000018116583078153781
           -0.006166581708563859468008594433286
           -0.000019914486060000001184724927050
            0.000000000000000000000000000000000
            0.000000000000000000000000000000000
            0.105925663870466618687871118709154
            0.142510546700000018116583078153781
           -0.027879460843163002964351093737605
           -0.000019914486060000001184724927050
            0.000000000000000000000000000000000
            0.000000000000000000000000000000000
      7000000.000000000000000000000000000000000
      7000000.000000000000000000000000000000000
      7000000.000000000000000000000000000000000
           -0.112027543395617421029264448861795
            0.142510546700000018116583078153781
            0.139905916509282884918619060954370
           -0.000019914486060000001184724927050
            0.000000000000000000000000000000000
            0.000000000000000000000000000000000
           -0.042704578217196857703452650412146
            0.142510546700000018116583078153781
           -0.160624651700219722716411752116983
           -0.000019914486060000001184724927050
            0.000000000000000000000000000000000
            0.000000000000000000000000000000000
      7000000.000000000000000000000000000000000
      7000000.000000000000000000000000000000000
      7000000.000000000000000000000000000000000
            0.041241944454460416347174600559811
            0.142510546700000018116583078153781
           -0.112681598849070196965982404435636
           -0.000019914486060000001184724927050
            0.000000000000000000000000000000000
            0.000000000000000000000000000000000
           -0.042107056840930946750578556248001
            0.142510546700000018116583078153781
           -0.199774993834102881917758054441947
           -0.000019914486060000001184724927050
            0.000000000000000000000000000000000
            0.000000000000000000000000000000000
      7000000.000000000000000000000000000000000
      7000000.000000000000000000000000000000000
      7000000.000000000000000000000000000000000
            0.023870260317933208321639071414211
            0.142510546700000018116583078153781
           -0.193306716934929428974854204170697
           -0.000019914486060000001184724927050
            0.000000000000000000000000000000000
            0.000000000000000000000000000000000
            0.068831946439483676636328368658724
            0.142510546700000018116583078153781
           -0.128037066281149525259763777285116
           -0.000019914486060000001184724927050
            0.000000000000000000000000000000000
            0.000000000000000000000000000000000
      7000000.000000000000000000000000000000000
      7000000.000000000000000000000000000000000
      7000000.000000000000000000000000000000000
            0.180289305495193563633193889472750
            0.142510546700000018116583078153781
           -0.072662756016444493556427630664984
           -0.000019914486060000001184724927050
            0.000000000000000000000000000000000
            0.000000000000000000000000000000000
            0.023903683335083771716034206633594
            0.142510546700000018116583078153781
           -0.010035737140881708512329950622188
           -0.000019914486060000001184724927050
            0.000000000000000000000000000000000
            0.000000000000000000000000000000000
      7000000.000000000000000000000000000000000
      7000000.000000000000000000000000000000000
      7000000.000000000000000000000000000000000
            0.165770597745458769800563914031954
            0.142510546700000018116583078153781
           -0.140672913611947364431742357737676
           -0.000019914486060000001184724927050
            0.000000000000000000000000000000000
            0.000000000000000000000000000000000
           -0.178235465859083674899920879397541
            0.142510546700000018116583078153781
            0.021269328734488127108370747464505
           -0.000019914486060000001184724927050
            0.000000000000000000000000000000000
            0.000000000000000000000000000000000
      7000000.000000000000000000000000000000000
      7000000.000000000000000000000000000000000
      7000000.000000000000000000000000000000000
            0.011124080886246615756940414598830
            0.142510546700000018116583078153781
           -0.139814197494572772795251580646436
           -0.000019914486060000001184724927050
            0.000000000000000000000000000000000
            0.000000000000000000000000000000000
           -0.017424734431246063914855426446593
            0.142510546700000018116583078153781
            0.226733190407218787587595443255850
           -0.000019914486060000001184724927050
            0.000000000000000000000000000000000
            0.000000000000000000000000000000000
      7000000.000000000000000000000000000000000
      7000000.000000000000000000000000000000000
      7000000.000000000000000000000000000000000
           -0.087797805323408861788436752249254
            0.142510546700000018116583078153781
           -0.178900853821984090474828121841711
           -0.000019914486060000001184724927050
            0.000000000000000000000000000000000
            0.000000000000000000000000000000000
           -0.194015511268679219369914790149778
            0.142510546700000018116583078153781
            0.037160387441264201846546910701363
           -0.000019914486060000001184724927050
            0.000000000000000000000000000000000
            0.000000000000000000000000000000000
      7000000.000000000000000000000000000000000
      7000000.000000000000000000000000000000000
      7000000.000000000000000000000000000000000
            0.070317311926189438042733570455312
            0.142510546700000018116583078153781
            0.023101508061828267964754601848654
           -0.000019914486060000001184724927050
            0.000000000000000000000000000000000
            0.000000000000000000000000000000000
           -0.048786797720981295301001523512241
            0.142510546700000018116583078153781
           -0.005893367256328422079669770994315
           -0.000019914486060000001184724927050
            0.000000000000000000000000000000000
            0.000000000000000000000000000000000
      7000000.000000000000000000000000000000000
      7000000.000000000000000000000000000000000
      7000000.000000000000000000000000000000000
           -0.145294745380409762169904297479661
            0.142510546700000018116583078153781
           -0.078523462771038055052486015483737
           -0.000019914486060000001184724927050
            0.000000000000000000000000000000000
            0.000000000000000000000000000000000
            0.000247351535221884590975277573577
            0.142510546700000018116583078153781
           -0.056330868424666662164224106845722
           -0.000019914486060000001184724927050
            0.000000000000000000000000000000000
            0.000000000000000000000000000000000
      7000000.000000000000000000000000000000000
      7000000.000000000000000000000000000000000
      7000000.000000000000000000000000000000000
            0.131997637973059078753124140348518
            0.142510546700000018116583078153781
           -0.181210711902784538107624712210963
           -0.000019914486060000001184724927050
            0.000000000000000000000000000000000
            0.000000000000000000000000000000000
            0.043311568548832363179101889727463
            0.142510546700000018116583078153781
           -0.220521926959701936032942626297881
           -0.000019914486060000001184724927050
            0.000000000000000000000000000000000
            0.000000000000000000000000000000000
      7000000.000000000000000000000000000000000
      7000000.000000000000000000000000000000000
      7000000.000000000000000000000000000000000
            0.062475683612728351301601747991299
            0.142510546700000018116583078153781
            0.061865202379509862118389662555273
           -0.000019914486060000001184724927050
            0.000000000000000000000000000000000
            0.000000000000000000000000000000000
            0.012688065105137797880519023863144
            0.142510546700000018116583078153781
           -0.131483209918026477946995100865024
           -0.000019914486060000001184724927050
            0.000000000000000000000000000000000
            0.000000000000000000000000000000000
      7000000.000000000000000000000000000000000
      7000000.000000000000000000000000000000000
      7000000.000000000000000000000000000000000
            0.158942307486723971576836333952087
            0.142510546700000018116583078153781
           -0.093386726304698783329705236155860
           -0.000019914486060000001184724927050
            0.000000000000000000000000000000000
            0.000000000000000000000000000000000
           -0.064914623505000323966385167295812
            0.142510546700000018116583078153781
            0.018102965419831234389347329738484
           -0.000019914486060000001184724927050
            0.000000000000000000000000000000000
            0.000000000000000000000000000000000
      7000000.000000000000000000000000000000000
      7000000.000000000000000000000000000000000
      7000000.000000000000000000000000000000000
            0.091726013359811647829289427136246
            0.142510546700000018116583078153781
            0.201636572259366292358961914032989
           -0.000019914486060000001184724927050
            0.000000000000000000000000000000000
            0.000000000000000000000000000000000
            0.153293212248637872319179109581455
            0.142510546700000018116583078153781
            0.062353988732496937186233765260113
           -0.000019914486060000001184724927050
            0.000000000000000000000000000000000
            0.000000000000000000000000000000000
      7000000.000000000000000000000000000000000
      7000000.000000000000000000000000000000000
      7000000.000000000000000000000000000000000
            0.151073271513364970619619498393149
            0.142510546700000018116583078153781
            0.167590010262460092915759446441371
           -0.000019914486060000001184724927050
            0.000000000000000000000000000000000
            0.000000000000000000000000000000000
            0.041798882036390906657974397830912
            0.142510546700000018116583078153781
            0.210970884238126432652649100418785
           -0.000019914486060000001184724927050
            0.000000000000000000000000000000000
            0.000000000000000000000000000000000
      7000000.000000000000000000000000000000000
      7000000.000000000000000000000000000000000
      7000000.000000000000000000000000000000000
           -0.079746066313705510353315730753820
            0.142510546700000018116583078153781
            0.061468198193203579804411162967881
           -0.000019914486060000001184724927050
            0.000000000000000000000000000000000
            0.000000000000000000000000000000000
            0.147593928371598986926116481299687
            0.142510546700000018116583078153781
           -0.161312999187800509837131812673761
           -0.000019914486060000001184724927050
            0.000000000000000000000000000000000
            0.000000000000000000000000000000000
      7000000.000000000000000000000000000000000
      7000000.000000000000000000000000000000000
      7000000.000000000000000000000000000000000
           -0.206122761800669435094945924902277
            0.142510546700000018116583078153781
            0.097806785766775122814564724649244
           -0.000019914486060000001184724927050
            0.000000000000000000000000000000000
            0.000000000000000000000000000000000
           -0.083574050592713208795991874922038
            0.142510546700000018116583078153781
            0.039738239841032196864034631289542
           -0.000019914486060000001184724927050
            0.000000000000000000000000000000000
            0.000000000000000000000000000000000
      7000000.000000000000000000000000000000000
      7000000.000000000000000000000000000000000
      7000000.000000000000000000000000000000000
            0.185435352559993354981671132009069
            0.142510546700000018116583078153781
           -0.009541386333888696863470002540453
           -0.000019914486060000001184724927050
            0.000000000000000000000000000000000
            0.000000000000000000000000000000000
           -0.043633073981020821519027919066502
            0.142510546700000018116583078153781
            0.091852842065350673306234341453091
           -0.000019914486060000001184724927050
            0.000000000000000000000000000000000
            0.000000000000000000000000000000000
      7000000.000000000000000000000000000000000
      7000000.000000000000000000000000000000000
      7000000.000000000000000000000000000000000
            0.155971048843429604957577794266399
            0.142510546700000018116583078153781
           -0.092173212120750275255787187234091
           -0.000019914486060000001184724927050
            0.000000000000000000000000000000000
            0.000000000000000000000000000000000
            0.065564813802253013585996654910559
            0.142510546700000018116583078153781
           -0.058629804687082606728942835161433
           -0.000019914486060000001184724927050
            0.000000000000000000000000000000000
            0.000000000000000000000000000000000
      7000000.000000000000000000000000000000000
      7000000.000000000000000000000000000000000
      7000000.000000000000000000000000000000000
           -0.036030309095580893841148650835748
            0.142510546700000018116583078153781
            0.066791863745744806113435743100126
           -0.000019914486060000001184724927050
            0.000000000000000000000000000000000
            0.000000000000000000000000000000000
           -0.144982208509200211077327935527137
            0.142510546700000018116583078153781
            0.068341092765206126746768688917655
           -0.000019914486060000001184724927050
            0.000000000000000000000000000000000
            0.000000000000000000000000000000000
      7000000.000000000000000000000000000000000
      7000000.000000000000000000000000000000000
      7000000.000000000000000000000000000000000
           -0.073407539643895305947474128061003
            0.142510546700000018116583078153781
           -0.142275890964284251749560894495517
           -0.000019914486060000001184724927050
            0.000000000000000000000000000000000
            0.000000000000000000000000000000000
            0.109941965985208764400304914943263
            0.142510546700000018116583078153781
            0.027730749254095854450241631639074
           -0.000019914486060000001184724927050
            0.000000000000000000000000000000000
            0.000000000000000000000000000000000
      7000000.000000000000000000000000000000000
      7000000.000000000000000000000000000000000
      7000000.000000000000000000000000000000000
            0.034085032398920453444723932534544
            0.142510546700000018116583078153781
           -0.020413686452887151723256664581641
           -0.000019914486060000001184724927050
            0.000000000000000000000000000000000
            0.000000000000000000000000000000000
            0.003226124485292833181382388119118
            0.142510546700000018116583078153781
            0.087056072538631540380649198596075
           -0.000019914486060000001184724927050
            0.000000000000000000000000000000000
            0.000000000000000000000000000000000
      7000000.000000000000000000000000000000000
      7000000.000000000000000000000000000000000
      7000000.000000000000000000000000000000000
            0.158039027694528350087566082038393
            0.142510546700000018116583078153781
           -0.033432390090828281725698900572752
           -0.000019914486060000001184724927050
            0.000000000000000000000000000000000
            0.000000000000000000000000000000000
            0.195919778843888031660824822210998
            0.142510546700000018116583078153781
           -0.103452153901822316295344705849857
           -0.000019914486060000001184724927050
            0.000000000000000000000000000000000
            0.000000000000000000000000000000000
      7000000.000000000000000000000000000000000
      7000000.000000000000000000000000000000000
      7000000.000000000000000000000000000000000
            0.171325735233259890399892810819438
            0.142510546700000018116583078153781
           -0.091198506547922386644700054603163
           -0.000019914486060000001184724927050
            0.000000000000000000000000000000000
            0.000000000000000000000000000000000
            0.140059959388041666006330387972412
            0.142510546700000018116583078153781
           -0.142264264428224124214850121461495
           -0.000019914486060000001184724927050
            0.000000000000000000000000000000000
            0.000000000000000000000000000000000
      7000000.000000000000000000000000000000000
      7000000.000000000000000000000000000000000
      7000000.000000000000000000000000000000000
            0.052930841115502641480716761179792
            0.142510546700000018116583078153781
            0.097315756600835787160086454150587
           -0.000019914486060000001184724927050
            0.000000000000000000000000000000000
            0.000000000000000000000000000000000
           -0.061309367829994597387521793052656
            0.142510546700000018116583078153781
            0.122067271221306436479459023303207
           -0.000019914486060000001184724927050
            0.000000000000000000000000000000000
            0.000000000000000000000000000000000
      7000000.000000000000000000000000000000000
      7000000.000000000000000000000000000000000
      7000000.000000000000000000000000000000000
           -0.185095255346640286120418750215322
            0.142510546700000018116583078153781
            0.097475234408322286583370441803709
           -0.000019914486060000001184724927050
            0.000000000000000000000000000000000
            0.000000000000000000000000000000000
           -0.103127555346870902752698384574614
            0.142510546700000018116583078153781
            0.046841815405603094701891819795492
           -0.000019914486060000001184724927050
            0.000000000000000000000000000000000
            0.000000000000000000000000000000000
      7000000.000000000000000000000000000000000
      7000000.000000000000000000000000000000000
      7000000.000000000000000000000000000000000
            0.057073639209119474136056027191444
            0.142510546700000018116583078153781
           -0.004913866178820981700514636258958
           -0.000019914486060000001184724927050
            0.000000000000000000000000000000000
            0.000000000000000000000000000000000
            0.157958776054559685286804437964747
            0.142510546700000018116583078153781
           -0.018960622477123018070344073748856
           -0.000019914486060000001184724927050
            0.000000000000000000000000000000000
            0.000000000000000000000000000000000
      7000000.000000000000000000000000000000000
      7000000.000000000000000000000000000000000
      7000000.000000000000000000000000000000000
           -0.153627583700126024712773187275161
            0.142510546700000018116583078153781
           -0.032365033869291667811829427137127
           -0.000019914486060000001184724927050
            0.000000000000000000000000000000000
            0.000000000000000000000000000000000
           -0.182990029893227879043138273118529
            0.142510546700000018116583078153781
           -0.003507867876950307526456862561304
           -0.000019914486060000001184724927050
            0.000000000000000000000000000000000
            0.000000000000000000000000000000000
      7000000.000000000000000000000000000000000
      7000000.000000000000000000000000000000000
      7000000.000000000000000000000000000000000
            0.115444669260006196886969576098636
            0.142510546700000018116583078153781
           -0.033519355781178213071758165142455
           -0.000019914486060000001184724927050
            0.000000000000000000000000000000000
            0.000000000000000000000000000000000
            0.184318958174726960086431404306495
            0.142510546700000018116583078153781
           -0.020771435678377605377198378278081
           -0.000019914486060000001184724927050
            0.000000000000000000000000000000000
            0.000000000000000000000000000000000
      7000000.000000000000000000000000000000000
      7000000.000000000000000000000000000000000
      7000000.000000000000000000000000000000000
