               -9949874.959584500640630722045898437500016
          ***********************************************
              -15075144.162243889644742012023925781249984
          ***********************************************
                      0.000000000000000000000000000000000
                      0.000000000000000000000000000000000
                      0.139241789951550787307610335119534
                     -0.054305297838671266752452737591739
                      0.008459073706100175837896415487194
                      0.067966713452751986723754384911445
                      0.000000000000000000000000000000000
                      0.000000000000000000000000000000000
                7000000.000000000000000000000000000000011
                7000000.000000000000000000000000000000011
                7000000.000000000000000000000000000000011
                      0.016878210330596641469691476800108
                      0.082528995788695186375250045784924
                     -0.118207463709598073475781632168946
                      0.307377867052944786507850949419662
                      0.000000000000000000000000000000000
                      0.000000000000000000000000000000000
                     -0.068062092020867492880853433234734
                     -0.146268223086461257587131967738969
                      0.096784238203976788450511037353863
                      0.028956758883319524272570433254259
                      0.000000000000000000000000000000000
                      0.000000000000000000000000000000000
                7000000.000000000000000000000000000000011
                7000000.000000000000000000000000000000011
                7000000.000000000000000000000000000000011
                     -0.058453000123245058006204999401234
                      0.009133842628531417540127534948624
                     -0.089469321522883046848839683207189
                      0.418043748987491525781479140277952
                      0.000000000000000000000000000000000
                      0.000000000000000000000000000000000
                      0.154173121575854832343566158670001
                     -0.092080047812759718839359379671805
                     -0.058764951224650446848229989882384
                      0.189103119803865293846456552273594
                      0.000000000000000000000000000000000
                      0.000000000000000000000000000000000
                7000000.000000000000000000000000000000011
                7000000.000000000000000000000000000000011
                7000000.000000000000000000000000000000011
                     -0.133849670411311766349271579201741
                      0.368777346992673782377636371165863
                     -0.015912305386246185928689200750341
                      0.317211577665977351170312203976209
                      0.000000000000000000000000000000000
                      0.000000000000000000000000000000000
                      0.129717022319941283070576787395112
                      0.080058527204689478029564497774118
                     -0.025710285666919682062703245151170
                      0.130337359942889363662033019863884
                      0.000000000000000000000000000000000
                      0.000000000000000000000000000000000
                7000000.000000000000000000000000000000011
                7000000.000000000000000000000000000000011
                7000000.000000000000000000000000000000011
                     -0.027398443712018563656052094756888
                     -0.202579677768310345564728436329460
                     -0.046361112165935372542158177111560
                      0.435186081061800400515693354464020
                      0.000000000000000000000000000000000
                      0.000000000000000000000000000000000
                      0.094489660917644990867358956165845
                     -0.195325418320489330170630637439899
                     -0.107295985861332848765314906813728
                      0.342048874904723743117784806599957
                      0.000000000000000000000000000000000
                      0.000000000000000000000000000000000
                7000000.000000000000000000000000000000011
                7000000.000000000000000000000000000000011
                7000000.000000000000000000000000000000011
                      0.021178849276175342603023565857256
                     -0.167373982388540759602690854990215
                      0.132391881242173881094714715800365
                     -0.053464778887955255459729642097955
                      0.000000000000000000000000000000000
                      0.000000000000000000000000000000000
                      0.007168048942746977486573101145950
                      0.004193505838957821765800026980742
                      0.017228618295562291018452327762134
                      0.389343394193154612725749075252679
                      0.000000000000000000000000000000000
                      0.000000000000000000000000000000000
                7000000.000000000000000000000000000000011
                7000000.000000000000000000000000000000011
                7000000.000000000000000000000000000000011
                      0.000806563580954030266700893747611
                     -0.268182446331999446709204448779928
                      0.028465610932932060295197373989140
                     -0.085707589258160007950060332859721
                      0.000000000000000000000000000000000
                      0.000000000000000000000000000000000
                     -0.088214987789156443231952664518758
                      0.122416563581308229791133612707199
                     -0.013783364840962229747045597605393
                      0.275490499014372447472709382054745
                      0.000000000000000000000000000000000
                      0.000000000000000000000000000000000
                7000000.000000000000000000000000000000011
                7000000.000000000000000000000000000000011
                7000000.000000000000000000000000000000011
                     -0.152690075729633667478424285945948
                     -0.134126959951643448532010438611906
                      0.030372215460142126808307239116402
                      0.409231898802878468757171503966674
                      0.000000000000000000000000000000000
                      0.000000000000000000000000000000000
                      0.053340572671650529623654790611909
                     -0.096944071909466258962773110852140
                      0.171625797041114136476380735985003
                     -0.145377514091970472254189417071757
                      0.000000000000000000000000000000000
                      0.000000000000000000000000000000000
                7000000.000000000000000000000000000000011
                7000000.000000000000000000000000000000011
                7000000.000000000000000000000000000000011
                     -0.030219312125123225926115466677402
                     -0.096081442115563783779030870846327
                      0.157692839533231404791635554829554
                     -0.015783073479486084411682611516881
                      0.000000000000000000000000000000000
                      0.000000000000000000000000000000000
                     -0.082905299734568449476768137174076
                     -0.013076472553388856015499364104926
                      0.157336362561554421457543639917276
                      0.105408555917069046703460344360792
                      0.000000000000000000000000000000000
                      0.000000000000000000000000000000000
                7000000.000000000000000000000000000000011
                7000000.000000000000000000000000000000011
                7000000.000000000000000000000000000000011
                     -0.129229497345320909484911453546374
                     -0.161511069590145106555922893676325
                     -0.049542207877871877186315430208197
                      0.209781393069001453888233754696557
                      0.000000000000000000000000000000000
                      0.000000000000000000000000000000000
                   3225.608903060070588253438472747802734
                    307.614069404633141857630107551813126
                 -26565.405973603330494370311498641967773
                  -3011.763616513887882319977506995201111
                      0.000000000000000000000000000000000
                      0.000000000000000000000000000000000
                7000000.000000000000000000000000000000011
                7000000.000000000000000000000000000000011
                7000000.000000000000000000000000000000011
                      0.105245816544631248801167089368391
                     -0.079667780303550692067027227949438
                     -0.104181431142377226017892155596201
                      0.374186256716522280818537637969712
                      0.000000000000000000000000000000000
                      0.000000000000000000000000000000000
                      0.005801934847716371836112703164190
                     -0.224723540068060834151708604622399
                     -0.107870606024211349027730477700970
                      0.286815586482965290127111757101375
                      0.000000000000000000000000000000000
                      0.000000000000000000000000000000000
                7000000.000000000000000000000000000000011
                7000000.000000000000000000000000000000011
                7000000.000000000000000000000000000000011
                     -0.203861653291525002362760687901755
                     -0.060206642053323246310814198523076
                     -0.073933167612187405959289776546939
                      0.103249103450879717303045879361889
                      0.000000000000000000000000000000000
                      0.000000000000000000000000000000000
                      0.055125357564931511122896523602321
                     -0.118757522109814814270656313510699
                     -0.133208428785248522707718166202540
                     -0.049988192761642111228148621648870
                      0.000000000000000000000000000000000
                      0.000000000000000000000000000000000
                7000000.000000000000000000000000000000011
                7000000.000000000000000000000000000000011
                7000000.000000000000000000000000000000011
          ***********************************************
          ***********************************************
          ***********************************************
          ***********************************************
                      0.000000000000000000000000000000000
                      0.000000000000000000000000000000000
                     -0.010343961996467669270383105128985
                      0.043964919136705520041896733118847
                      0.149981423884559317283304835655144
                     -0.071971190491547987200249281158904
                      0.000000000000000000000000000000000
                      0.000000000000000000000000000000000
                7000000.000000000000000000000000000000011
                7000000.000000000000000000000000000000011
                7000000.000000000000000000000000000000011
                3237073.012508309446275234222412109375005
                1388352.080101441591978073120117187500002
                3648714.234354173298925161361694335937506
                1654578.498493467224761843681335449218753
                      0.000000000000000000000000000000000
                      0.000000000000000000000000000000000
                     -0.161163869889976801852427001904289
                     -0.014124819487970081272054656551518
                      0.165390348208925064277252658939688
                      0.082723342488769335822951234149514
                      0.000000000000000000000000000000000
                      0.000000000000000000000000000000000
                7000000.000000000000000000000000000000011
                7000000.000000000000000000000000000000011
                7000000.000000000000000000000000000000011
                      0.020743344895819967182992726861812
                     -0.067252664769440043124326678025682
                     -0.145619423094100614024526407774829
                      0.147939559753746091574910792587616
                      0.000000000000000000000000000000000
                      0.000000000000000000000000000000000
                      0.079227093781666299565635824819765
                     -0.020301920848000053199111647472819
                      0.144587104608091654434076644974994
                      0.303357458950540170850018739656662
                      0.000000000000000000000000000000000
                      0.000000000000000000000000000000000
                7000000.000000000000000000000000000000011
                7000000.000000000000000000000000000000011
                7000000.000000000000000000000000000000011
                     -0.006549700054794148698644740136388
                     -0.277317682590581982005062400276074
                      0.208143789880362917177336612439831
                      0.083437635701178292091384491868666
                      0.000000000000000000000000000000000
                      0.000000000000000000000000000000000
                     -0.095815277874184201500895596836926
                      0.255178039666549560937625074075186
                     -0.071460698438764000406386855956953
                      0.222621131028414243058222155013937
                      0.000000000000000000000000000000000
                      0.000000000000000000000000000000000
                7000000.000000000000000000000000000000011
                7000000.000000000000000000000000000000011
                7000000.000000000000000000000000000000011
                      0.054183653286933822212922962080484
                      0.115423559109390075350098925355269
                      0.011950123175514942852615263291227
                      0.437876875000716592190030951314839
                      0.000000000000000000000000000000000
                      0.000000000000000000000000000000000
          ***********************************************
          ***********************************************
          ***********************************************
          ***********************************************
                      0.000000000000000000000000000000000
                      0.000000000000000000000000000000000
                7000000.000000000000000000000000000000011
                7000000.000000000000000000000000000000011
                7000000.000000000000000000000000000000011
                     -0.092527278778930271974090260300727
                      0.224401240970265675178652031718229
                     -0.028411167224854115553878131095189
                     -0.018283556159838725008182080955521
                      0.000000000000000000000000000000000
                      0.000000000000000000000000000000000
                      0.003138337925991556160570938871501
                      0.005854522585975589256401807602970
                      0.125596927697034371762541127282020
                      0.077839862004463203359883038956468
                      0.000000000000000000000000000000000
                      0.000000000000000000000000000000000
                7000000.000000000000000000000000000000011
                7000000.000000000000000000000000000000011
                7000000.000000000000000000000000000000011
                     -0.002585176022470226427779627087489
                     -0.016623132320278087570297742558978
                     -0.127892780573151704226475544601271
                      0.112812972730554170186501039552240
                      0.000000000000000000000000000000000
                      0.000000000000000000000000000000000
              -24833886.805314745754003524780273437499974
              -10676852.846666334196925163269042968749989
             -166908785.365723371505737304687500000000008
              -75512392.387862682342529296874999999999921
                      0.000000000000000000000000000000000
                      0.000000000000000000000000000000000
                7000000.000000000000000000000000000000011
                7000000.000000000000000000000000000000011
                7000000.000000000000000000000000000000011
             3313194134.914158344268798828124999999997886
             2219224000.846499443054199218749999999998584
              412135711.592177808284759521484375000000019
              285948910.956881999969482421875000000000013
                      0.000000000000000000000000000000000
                      0.000000000000000000000000000000000
                      0.084798471542478742746240527594637
                     -0.363213833070375691214337621204322
                      0.012897138896792122164658422889261
                      0.229424517932491883742684990465932
                      0.000000000000000000000000000000000
                      0.000000000000000000000000000000000
                7000000.000000000000000000000000000000011
                7000000.000000000000000000000000000000011
                7000000.000000000000000000000000000000011
                     -0.063984195387975589808249310408428
                      0.231929715693944743515331197158957
                      0.011732053928855762370275783723628
                      0.142924436739735843948650995116623
                      0.000000000000000000000000000000000
                      0.000000000000000000000000000000000
           386017162402.481445312500000000000000000083848
           127725318524.978836059570312500000000000027744
           -42061934518.710350036621093750000000000009136
           -12371260527.231168746948242187500000000002687
                      0.000000000000000000000000000000000
                      0.000000000000000000000000000000000
                7000000.000000000000000000000000000000011
                7000000.000000000000000000000000000000011
                7000000.000000000000000000000000000000011
                     -0.026114295359880614066927506655702
                     -0.314556371395792344625164105309523
                     -0.027855932112801313343952713807994
                     -0.040612763500068260746900250524050
                      0.000000000000000000000000000000000
                      0.000000000000000000000000000000000
          ***********************************************
          ***********************************************
          ***********************************************
          ***********************************************
                      0.000000000000000000000000000000000
                      0.000000000000000000000000000000000
                7000000.000000000000000000000000000000011
                7000000.000000000000000000000000000000011
                7000000.000000000000000000000000000000011
                      0.011429899194960896693928908973703
                      0.264975483043788317960576250698068
                      0.057775327148053841341823755328733
                      0.374582196839818359901386202182039
                      0.000000000000000000000000000000000
                      0.000000000000000000000000000000000
                     -0.008003205862286918298442728314512
                      0.015865742834661144405883348440511
                     -0.105886488817763302350272169860546
                      0.412891354891289474871030051872367
                      0.000000000000000000000000000000000
                      0.000000000000000000000000000000000
                7000000.000000000000000000000000000000011
                7000000.000000000000000000000000000000011
                7000000.000000000000000000000000000000011
                   3042.414939973331456712912768125534058
                   1823.276295437351109285373240709304810
                   2046.543875774050093241385184228420258
                   1115.930110088866285877884365618228912
                      0.000000000000000000000000000000000
                      0.000000000000000000000000000000000
                     -0.177565444459893612139111951364612
                     -0.050053915637461990351120277864538
                     -0.047984141501894131409677868305153
                      0.276538340648611546956914253314608
                      0.000000000000000000000000000000000
                      0.000000000000000000000000000000000
                7000000.000000000000000000000000000000011
                7000000.000000000000000000000000000000011
                7000000.000000000000000000000000000000011
                     -0.104005228520317877238809955997567
                     -0.094880187004390312277557484321733
                      0.046982368048024900075709808788815
                      0.185486613511348735761075090522354
                      0.000000000000000000000000000000000
                      0.000000000000000000000000000000000
                      0.023654030720113579377983370477523
                      0.020041440941970418976314505243863
                     -0.137265201397793801252333878437639
                      0.313361356745941399548627259719069
                      0.000000000000000000000000000000000
                      0.000000000000000000000000000000000
                7000000.000000000000000000000000000000011
                7000000.000000000000000000000000000000011
                7000000.000000000000000000000000000000011
                     -0.037571672336202850683850584800894
                     -0.206975230700241152881346806680085
                      0.138625704917812980765390307169582
                      0.001276033235830192815590811150628
                      0.000000000000000000000000000000000
                      0.000000000000000000000000000000000
                      0.036882991450682002521066493727631
                     -0.029257409599911663594662414311642
                      0.052255139317196878934179693487749
                     -0.139711698151689267533015481603798
                      0.000000000000000000000000000000000
                      0.000000000000000000000000000000000
                7000000.000000000000000000000000000000011
                7000000.000000000000000000000000000000011
                7000000.000000000000000000000000000000011
                     -0.099295152587805815547206123028445
                     -0.060595007030464817510129194033652
                     -0.073516120558175662713651377089263
                     -0.045529799273815896309969275534968
                      0.000000000000000000000000000000000
                      0.000000000000000000000000000000000
                     -0.078975085023362381897449324696936
                      0.274085373411732113879679673118517
                     -0.084180657731829408585433327516512
                      0.178763315687076013160705656446225
                      0.000000000000000000000000000000000
                      0.000000000000000000000000000000000
                7000000.000000000000000000000000000000011
                7000000.000000000000000000000000000000011
                7000000.000000000000000000000000000000011
                     -0.010865905831532863753952078411658
                      0.206182640085906171423246746599034
                      0.075432994760133986744676803937182
                      0.477790229099005925306187236856204
                      0.000000000000000000000000000000000
                      0.000000000000000000000000000000000
                     -0.065581598869529036943681887805724
                     -0.110531862555536000702893772995594
                      0.233127902990104857172681818155979
                      0.016523177791275572845464125748549
                      0.000000000000000000000000000000000
                      0.000000000000000000000000000000000
                7000000.000000000000000000000000000000011
                7000000.000000000000000000000000000000011
                7000000.000000000000000000000000000000011
                     -0.073088305803231515267448514805437
                     -0.094290201143170118691649861375481
                     -0.054733637288553911581789890306027
                     -0.203060622181971461852612037546351
                      0.000000000000000000000000000000000
                      0.000000000000000000000000000000000
                      0.058332547600777481799916301952180
                      0.261174717706917081105899569593021
                     -0.011646873192861027790367955958573
                      0.084820338645471532457165153573442
                      0.000000000000000000000000000000000
                      0.000000000000000000000000000000000
                7000000.000000000000000000000000000000011
                7000000.000000000000000000000000000000011
                7000000.000000000000000000000000000000011
                      0.132124449501941299001117613443057
                      0.099258275563875744684771973425086
                     -0.155577285127778131013087659084704
                      0.054149051384925303564976672987541
                      0.000000000000000000000000000000000
                      0.000000000000000000000000000000000
                      0.043168247826644301490262023435207
                     -0.260962691413697212006184145138832
                     -0.026467906106335811061702756319391
                      0.064557831948543170641485744454258
                      0.000000000000000000000000000000000
                      0.000000000000000000000000000000000
                7000000.000000000000000000000000000000011
                7000000.000000000000000000000000000000011
                7000000.000000000000000000000000000000011
               -9949874.959584500640630722045898437500016
          ***********************************************
              -15075144.162243889644742012023925781249984
          ***********************************************
                      0.000000000000000000000000000000000
                      0.000000000000000000000000000000000
                      0.127690842300762774641498253913596
                      0.119225938103225403974505525184213
                      0.011224587230995604000827192692213
                      0.110855463141705898322264545186044
                      0.000000000000000000000000000000000
                      0.000000000000000000000000000000000
                7000000.000000000000000000000000000000011
                7000000.000000000000000000000000000000011
                7000000.000000000000000000000000000000011
                     -0.026786382386206963185371066060725
                      0.076295590167014593063754546165001
                      0.120024786341521000343490754858067
                      0.303407012980149604075563729566056
                      0.000000000000000000000000000000000
                      0.000000000000000000000000000000000
                     -0.074622479936685734425161342642241
                     -0.113124289074190392812013783441216
                      0.120377601584078827712254167181527
                      0.139255564638623929862859540662612
                      0.000000000000000000000000000000000
                      0.000000000000000000000000000000000
                7000000.000000000000000000000000000000011
                7000000.000000000000000000000000000000011
                7000000.000000000000000000000000000000011
                      0.128924138756113526582680606225040
                      0.129666816239347948425120193860494
                     -0.156640697873162398900959146885725
                      0.062860511815444275462994028202957
                      0.000000000000000000000000000000000
                      0.000000000000000000000000000000000
                     -0.023409120892290830040494142849639
                     -0.312000396346999109287168039372773
                     -0.002833187510711255002043840178771
                     -0.119722631539063859018590108007629
                      0.000000000000000000000000000000000
                      0.000000000000000000000000000000000
                7000000.000000000000000000000000000000011
                7000000.000000000000000000000000000000011
                7000000.000000000000000000000000000000011
           410096566796.766113281250000000000000000089078
          ***********************************************
           -52979383642.106559753417968750000000000011508
          ***********************************************
                      0.000000000000000000000000000000000
                      0.000000000000000000000000000000000
                     -0.035944203696180544727045713671032
                     -0.245785161406540553219457478917320
                      0.008939801319201370888301028116985
                      0.182862022533932300216719113450381
                      0.000000000000000000000000000000000
                      0.000000000000000000000000000000000
                7000000.000000000000000000000000000000011
                7000000.000000000000000000000000000000011
                7000000.000000000000000000000000000000011
                      0.071291245060323679694214149549225
                      0.224659021816718734720907946211810
                     -0.110664069987846377940421405128291
                     -0.083055984305564461989135338626511
                      0.000000000000000000000000000000000
                      0.000000000000000000000000000000000
                     -0.116351613912365481340316364367027
                     -0.006735179570457233526326046302302
                      0.115700967921778322122783322356554
                      0.339002257977615573114604785587289
                      0.000000000000000000000000000000000
                      0.000000000000000000000000000000000
                7000000.000000000000000000000000000000011
                7000000.000000000000000000000000000000011
                7000000.000000000000000000000000000000011
                     -0.045495375929081052768232495964185
                      0.185643185645709613007525717875978
                      0.036601406796891722272846436680993
                      0.363563512476662964445495163090527
                      0.000000000000000000000000000000000
                      0.000000000000000000000000000000000
                     -0.004638580521044963038412856093373
                      0.006904497784417637507026199727989
                     -0.121864836083832125956938341460045
                      0.192511207367260489542459822587261
                      0.000000000000000000000000000000000
                      0.000000000000000000000000000000000
                7000000.000000000000000000000000000000011
                7000000.000000000000000000000000000000011
                7000000.000000000000000000000000000000011
                     -0.103298911173101998217660479895130
                      0.148602536743609903169272001832724
                     -0.132308766927577453609288227198704
                      0.199838125766196111898764797842887
                      0.000000000000000000000000000000000
                      0.000000000000000000000000000000000
                     -0.052733402659279185464846761988156
                      0.176124778358932643218537350549013
                     -0.078050518657230977259686710567621
                      0.082461568755765199401075449259224
                      0.000000000000000000000000000000000
                      0.000000000000000000000000000000000
                7000000.000000000000000000000000000000011
                7000000.000000000000000000000000000000011
                7000000.000000000000000000000000000000011
                      0.011581225103213885901931590183267
                     -0.304643195893652796168993290848448
                     -0.075189613937875154903167640441097
                      0.398216648021728403250563133042306
                      0.000000000000000000000000000000000
                      0.000000000000000000000000000000000
                      0.202458307101574086495077153813327
                     -0.241400075422523091583926202474686
                      0.169673082307615519237486978454399
                      0.044909627355487896638308598085132
                      0.000000000000000000000000000000000
                      0.000000000000000000000000000000000
                7000000.000000000000000000000000000000011
                7000000.000000000000000000000000000000011
                7000000.000000000000000000000000000000011
                      0.033069616305946882006683296140181
                     -0.080150595493040627248504392809991
                     -0.167465921330115508069980023719836
                      0.161586021240254951170101094248821
                      0.000000000000000000000000000000000
                      0.000000000000000000000000000000000
                     -0.019023382900248637927820283266556
                     -0.431688881512225619552225452935090
                     -0.138984786164693258081470617071318
                      0.413673478308268394165736481227214
                      0.000000000000000000000000000000000
                      0.000000000000000000000000000000000
                7000000.000000000000000000000000000000011
                7000000.000000000000000000000000000000011
                7000000.000000000000000000000000000000011
                     -0.007941494737151430505228688616626
                      0.302341818963105524176171456929296
                     -0.010237831077620451053489247783546
                      0.233788614009257766923610688536428
                      0.000000000000000000000000000000000
                      0.000000000000000000000000000000000
                   3225.608903060070588253438472747802734
                    307.614069404633141857630107551813126
                 -26565.405973603330494370311498641967773
                  -3011.763616513887882319977506995201111
                      0.000000000000000000000000000000000
                      0.000000000000000000000000000000000
                7000000.000000000000000000000000000000011
                7000000.000000000000000000000000000000011
                7000000.000000000000000000000000000000011
                      0.010886633433742784471398579171364
                     -0.096719418516298102939110492570762
                     -0.153853422639861070475575388627476
                      0.326971016121704205481535154831363
                      0.000000000000000000000000000000000
                      0.000000000000000000000000000000000
                     -0.038905355269394370498758917165105
                     -0.241963342530293085141934739112912
                      0.021785358841561287129851010035964
                     -0.152439078489732399157574604942056
                      0.000000000000000000000000000000000
                      0.000000000000000000000000000000000
                7000000.000000000000000000000000000000011
                7000000.000000000000000000000000000000011
                7000000.000000000000000000000000000000011
             -129014905.111458733677864074707031250000006
              -93470606.984366118907928466796874999999902
               86117318.510917812585830688476562499999910
               62391201.105510547757148742675781249999935
                      0.000000000000000000000000000000000
                      0.000000000000000000000000000000000
                      0.082412565860010444929173445416382
                      0.051768987425513147970779215256698
                     -0.036988923293264898417564978672090
                     -0.160324535555436770151160885689023
                      0.000000000000000000000000000000000
                      0.000000000000000000000000000000000
                7000000.000000000000000000000000000000011
                7000000.000000000000000000000000000000011
                7000000.000000000000000000000000000000011
          ***********************************************
          ***********************************************
          ***********************************************
          ***********************************************
                      0.000000000000000000000000000000000
                      0.000000000000000000000000000000000
                     -0.072509108450074424845332998756930
                     -0.012057039883679451092168832815332
                     -0.075971232506383198912480736453290
                      0.432316531991639885212919125478948
                      0.000000000000000000000000000000000
                      0.000000000000000000000000000000000
                7000000.000000000000000000000000000000011
                7000000.000000000000000000000000000000011
                7000000.000000000000000000000000000000011
                3237073.012508309446275234222412109375005
                1388352.080101441591978073120117187500002
                3648714.234354173298925161361694335937506
                1654578.498493467224761843681335449218753
                      0.000000000000000000000000000000000
                      0.000000000000000000000000000000000
          -375576523524.578125000000000000000000000081580
          -458482511167.357971191406250000000000000099588
          ***********************************************
          ***********************************************
                      0.000000000000000000000000000000000
                      0.000000000000000000000000000000000
                7000000.000000000000000000000000000000011
                7000000.000000000000000000000000000000011
                7000000.000000000000000000000000000000011
                     -0.055990488080859462938221327021893
                      0.004310420006245539378819664477760
                     -0.028489194051788051947893265491984
                      0.396853480130626878885635733240633
                      0.000000000000000000000000000000000
                      0.000000000000000000000000000000000
                     -0.058580503028479238847303633974661
                      0.181546538593150397211672952835215
                      0.105723761749078590255201959280384
                      0.352544488806896261223755573155358
                      0.000000000000000000000000000000000
                      0.000000000000000000000000000000000
                7000000.000000000000000000000000000000011
                7000000.000000000000000000000000000000011
                7000000.000000000000000000000000000000011
             -306947540.352150797843933105468750000000014
          ***********************************************
              364437037.457951307296752929687500000000017
          ***********************************************
                      0.000000000000000000000000000000000
                      0.000000000000000000000000000000000
                   -661.667335756867146301374305039644241
          ***********************************************
                  -2734.413613410233210743172094225883484
          ***********************************************
                      0.000000000000000000000000000000000
                      0.000000000000000000000000000000000
                7000000.000000000000000000000000000000011
                7000000.000000000000000000000000000000011
                7000000.000000000000000000000000000000011
                     -0.019422601697308701507171946332164
                     -0.165298950767691271712678258154483
                      0.134010460406391390675295838263992
                      0.349684319816474464825972745529725
                      0.000000000000000000000000000000000
                      0.000000000000000000000000000000000
          ***********************************************
          ***********************************************
          ***********************************************
          ***********************************************
                      0.000000000000000000000000000000000
                      0.000000000000000000000000000000000
                7000000.000000000000000000000000000000011
                7000000.000000000000000000000000000000011
                7000000.000000000000000000000000000000011
                      0.032154818683533398226970234645705
                     -0.254816927656424996317952036406496
                      0.082037820206535744249620734080963
                      0.037544810789608369649972274828542
                      0.000000000000000000000000000000000
                      0.000000000000000000000000000000000
                     -0.003534631439551892597566995490865
                     -0.000390341915107531142650060251853
                     -0.101659637874580988103900835994864
                      0.260414286641505621222592026242637
                      0.000000000000000000000000000000000
                      0.000000000000000000000000000000000
                7000000.000000000000000000000000000000011
                7000000.000000000000000000000000000000011
                7000000.000000000000000000000000000000011
                      0.011257831305692449913591346444264
                      0.014476386873617007669534650915466
                      0.118174991799320033836195875664998
                      0.191475632133531331602327441032685
                      0.000000000000000000000000000000000
                      0.000000000000000000000000000000000
              -24833886.805314745754003524780273437499974
              -10676852.846666334196925163269042968749989
             -166908785.365723371505737304687500000000008
              -75512392.387862682342529296874999999999921
                      0.000000000000000000000000000000000
                      0.000000000000000000000000000000000
                7000000.000000000000000000000000000000011
                7000000.000000000000000000000000000000011
                7000000.000000000000000000000000000000011
             3313194134.914158344268798828124999999997886
             2219224000.846499443054199218749999999998584
              412135711.592177808284759521484375000000019
              285948910.956881999969482421875000000000013
                      0.000000000000000000000000000000000
                      0.000000000000000000000000000000000
                      0.150618159825917641292392090690555
                      0.169148537050717362451024428082746
                      0.107123910099158239916938839542127
                     -0.032532043007360067488065169527545
                      0.000000000000000000000000000000000
                      0.000000000000000000000000000000000
                7000000.000000000000000000000000000000011
                7000000.000000000000000000000000000000011
                7000000.000000000000000000000000000000011
                      0.094877878785726205146389133915363
                      0.175220114898726408991791458902298
                      0.031090109342483820270564010002090
                      0.103469042952563913817520813154260
                      0.000000000000000000000000000000000
                      0.000000000000000000000000000000000
           386017162402.481445312500000000000000000083848
           127725318524.978836059570312500000000000027744
           -42061934518.710350036621093750000000000009136
           -12371260527.231168746948242187500000000002687
                      0.000000000000000000000000000000000
                      0.000000000000000000000000000000000
                7000000.000000000000000000000000000000011
                7000000.000000000000000000000000000000011
                7000000.000000000000000000000000000000011
                      0.121792053929813987034336264514423
                     -0.123835858807617466004202810836432
                      0.003155335703082446860423537771112
                      0.364753635440172752080201235003187
                      0.000000000000000000000000000000000
                      0.000000000000000000000000000000000
          ***********************************************
          ***********************************************
          ***********************************************
          ***********************************************
                      0.000000000000000000000000000000000
                      0.000000000000000000000000000000000
                7000000.000000000000000000000000000000011
                7000000.000000000000000000000000000000011
                7000000.000000000000000000000000000000011
                      0.100671612769475907200877884406509
                      0.173709436503336284163268032898486
                     -0.005969402304026934225067435590972
                      0.361375195173027019546196925148251
                      0.000000000000000000000000000000000
                      0.000000000000000000000000000000000
                      0.016373965886550458787018769157839
                     -0.006043151551733501845864449109058
                     -0.042136573603978981494844191502125
                      0.466780840701427501837628142311587
                      0.000000000000000000000000000000000
                      0.000000000000000000000000000000000
                7000000.000000000000000000000000000000011
                7000000.000000000000000000000000000000011
                7000000.000000000000000000000000000000011
                   3042.414939973331456712912768125534058
                   1823.276295437351109285373240709304810
                   2046.543875774050093241385184228420258
                   1115.930110088866285877884365618228912
                      0.000000000000000000000000000000000
                      0.000000000000000000000000000000000
                     -0.066973797410893140535925738277001
                     -0.218774355996856434414254977127712
                      0.063661107329352567552049890764465
                      0.297822747147667543643478893500287
                      0.000000000000000000000000000000000
                      0.000000000000000000000000000000000
                7000000.000000000000000000000000000000011
                7000000.000000000000000000000000000000011
                7000000.000000000000000000000000000000011
                      0.117259993554073599364429014713096
                      0.041738402186479853228640024553897
                     -0.031558471317786045140518780272032
                      0.156803096110618045422313571179984
                      0.000000000000000000000000000000000
                      0.000000000000000000000000000000000
                     -0.015336804040715667704630753576112
                      0.065294524909553147695717711940233
                      0.149014448409294258945934075200057
                      0.000881604059847205232848532663326
                      0.000000000000000000000000000000000
                      0.000000000000000000000000000000000
                7000000.000000000000000000000000000000011
                7000000.000000000000000000000000000000011
                7000000.000000000000000000000000000000011
                     -0.027758064536657498649896425035877
                     -0.105341142865663608962911723665457
                     -0.028694225317958926835260058396671
                     -0.207362399307862710351457735669101
                      0.000000000000000000000000000000000
                      0.000000000000000000000000000000000
                     -0.026291279856261319525234654292944
                     -0.037889959166874209728348432690836
                     -0.127523030955168120703646650326846
                      0.358865498132995397462252640252700
                      0.000000000000000000000000000000000
                      0.000000000000000000000000000000000
                7000000.000000000000000000000000000000011
                7000000.000000000000000000000000000000011
                7000000.000000000000000000000000000000011
                     -0.118532967410255402063157248448988
                      0.096880993164961237695820273074787
                     -0.118965898112801379826741765555198
                      0.062902524053718864016637724034808
                      0.000000000000000000000000000000000
                      0.000000000000000000000000000000000
                      0.055716125372110021640725818770079
                     -0.291205914866994153289425639741239
                     -0.030161792095959757270540180229546
                      0.345702061115692849124769736590679
                      0.000000000000000000000000000000000
                      0.000000000000000000000000000000000
                7000000.000000000000000000000000000000011
                7000000.000000000000000000000000000000011
                7000000.000000000000000000000000000000011
                     -0.052778502603955008976033269618711
                     -0.007499822038545202358694741207046
                      0.039229959568277947279391071333521
                     -0.250141603472316065293057363305707
                      0.000000000000000000000000000000000
                      0.000000000000000000000000000000000
                  17877.144089441288087982684373855590820
                   5806.744051288460468640550971031188965
               -1403139.049207212636247277259826660156252
                -458669.250876688747666776180267333984375
                      0.000000000000000000000000000000000
                      0.000000000000000000000000000000000
                7000000.000000000000000000000000000000011
                7000000.000000000000000000000000000000011
                7000000.000000000000000000000000000000011
                      0.071183902174929356010402159427031
                     -0.136726129489778747139183678882546
                      0.043958098287614870425255020336408
                      0.445358605280788244495937533429242
                      0.000000000000000000000000000000000
                      0.000000000000000000000000000000000
                      0.105792369631094354542888424930425
                     -0.205680310349967726546438484547252
                     -0.020424616122781021065879514253538
                      0.181806574368717666079220407482353
                      0.000000000000000000000000000000000
                      0.000000000000000000000000000000000
                7000000.000000000000000000000000000000011
                7000000.000000000000000000000000000000011
                7000000.000000000000000000000000000000011
                      0.129202322673578479106382133068109
                     -0.259791828877210140280595851436374
                     -0.123919625892000478950549791079538
                      0.024423240650397259193793431109043
                      0.000000000000000000000000000000000
                      0.000000000000000000000000000000000
                     -0.144359223964203919887694382850896
                      0.016554483698379453271432026895127
                     -0.022153373733837196379869993734246
                      0.240522998375782975921666206886584
                      0.000000000000000000000000000000000
                      0.000000000000000000000000000000000
                7000000.000000000000000000000000000000011
                7000000.000000000000000000000000000000011
                7000000.000000000000000000000000000000011
               -9949874.959584500640630722045898437500016
          ***********************************************
              -15075144.162243889644742012023925781249984
          ***********************************************
                      0.000000000000000000000000000000000
                      0.000000000000000000000000000000000
                      0.127690842300762774641498253913596
                      0.119225938103225403974505525184213
                      0.011224587230995604000827192692213
                      0.110855463141705898322264545186044
                      0.000000000000000000000000000000000
                      0.000000000000000000000000000000000
                7000000.000000000000000000000000000000011
                7000000.000000000000000000000000000000011
                7000000.000000000000000000000000000000011
                     -0.026786382386206963185371066060725
                      0.076295590167014593063754546165001
                      0.120024786341521000343490754858067
                      0.303407012980149604075563729566056
                      0.000000000000000000000000000000000
                      0.000000000000000000000000000000000
                     -0.074622479936685734425161342642241
                     -0.113124289074190392812013783441216
                      0.120377601584078827712254167181527
                      0.139255564638623929862859540662612
                      0.000000000000000000000000000000000
                      0.000000000000000000000000000000000
                7000000.000000000000000000000000000000011
                7000000.000000000000000000000000000000011
                7000000.000000000000000000000000000000011
                      0.128924138756113526582680606225040
                      0.129666816239347948425120193860494
                     -0.156640697873162398900959146885725
                      0.062860511815444275462994028202957
                      0.000000000000000000000000000000000
                      0.000000000000000000000000000000000
                     -0.023409120892290830040494142849639
                     -0.312000396346999109287168039372773
                     -0.002833187510711255002043840178771
                     -0.119722631539063859018590108007629
                      0.000000000000000000000000000000000
                      0.000000000000000000000000000000000
                7000000.000000000000000000000000000000011
                7000000.000000000000000000000000000000011
                7000000.000000000000000000000000000000011
           410096566796.766113281250000000000000000089078
          ***********************************************
           -52979383642.106559753417968750000000000011508
          ***********************************************
                      0.000000000000000000000000000000000
                      0.000000000000000000000000000000000
                     -0.035944203696180544727045713671032
                     -0.245785161406540553219457478917320
                      0.008939801319201370888301028116985
                      0.182862022533932300216719113450381
                      0.000000000000000000000000000000000
                      0.000000000000000000000000000000000
                7000000.000000000000000000000000000000011
                7000000.000000000000000000000000000000011
                7000000.000000000000000000000000000000011
                      0.071291245060323679694214149549225
                      0.224659021816718734720907946211810
                     -0.110664069987846377940421405128291
                     -0.083055984305564461989135338626511
                      0.000000000000000000000000000000000
                      0.000000000000000000000000000000000
                     -0.116351613912365481340316364367027
                     -0.006735179570457233526326046302302
                      0.115700967921778322122783322356554
                      0.339002257977615573114604785587289
                      0.000000000000000000000000000000000
                      0.000000000000000000000000000000000
                7000000.000000000000000000000000000000011
                7000000.000000000000000000000000000000011
                7000000.000000000000000000000000000000011
                     -0.045495375929081052768232495964185
                      0.185643185645709613007525717875978
                      0.036601406796891722272846436680993
                      0.363563512476662964445495163090527
                      0.000000000000000000000000000000000
                      0.000000000000000000000000000000000
                     -0.004638580521044963038412856093373
                      0.006904497784417637507026199727989
                     -0.121864836083832125956938341460045
                      0.192511207367260489542459822587261
                      0.000000000000000000000000000000000
                      0.000000000000000000000000000000000
                7000000.000000000000000000000000000000011
                7000000.000000000000000000000000000000011
                7000000.000000000000000000000000000000011
                     -0.103298911173101998217660479895130
                      0.148602536743609903169272001832724
                     -0.132308766927577453609288227198704
                      0.199838125766196111898764797842887
                      0.000000000000000000000000000000000
                      0.000000000000000000000000000000000
                     -0.052733402659279185464846761988156
                      0.176124778358932643218537350549013
                     -0.078050518657230977259686710567621
                      0.082461568755765199401075449259224
                      0.000000000000000000000000000000000
                      0.000000000000000000000000000000000
                7000000.000000000000000000000000000000011
                7000000.000000000000000000000000000000011
                7000000.000000000000000000000000000000011
                      0.011581225103213885901931590183267
                     -0.304643195893652796168993290848448
                     -0.075189613937875154903167640441097
                      0.398216648021728403250563133042306
                      0.000000000000000000000000000000000
                      0.000000000000000000000000000000000
                      0.202458307101574086495077153813327
                     -0.241400075422523091583926202474686
                      0.169673082307615519237486978454399
                      0.044909627355487896638308598085132
                      0.000000000000000000000000000000000
                      0.000000000000000000000000000000000
                7000000.000000000000000000000000000000011
                7000000.000000000000000000000000000000011
                7000000.000000000000000000000000000000011
                      0.033069616305946882006683296140181
                     -0.080150595493040627248504392809991
                     -0.167465921330115508069980023719836
                      0.161586021240254951170101094248821
                      0.000000000000000000000000000000000
                      0.000000000000000000000000000000000
                     -0.019023382900248637927820283266556
                     -0.431688881512225619552225452935090
                     -0.138984786164693258081470617071318
                      0.413673478308268394165736481227214
                      0.000000000000000000000000000000000
                      0.000000000000000000000000000000000
                7000000.000000000000000000000000000000011
                7000000.000000000000000000000000000000011
                7000000.000000000000000000000000000000011
                     -0.007941494737151430505228688616626
                      0.302341818963105524176171456929296
                     -0.010237831077620451053489247783546
                      0.233788614009257766923610688536428
                      0.000000000000000000000000000000000
                      0.000000000000000000000000000000000
                   3225.608903060070588253438472747802734
                    307.614069404633141857630107551813126
                 -26565.405973603330494370311498641967773
                  -3011.763616513887882319977506995201111
                      0.000000000000000000000000000000000
                      0.000000000000000000000000000000000
                7000000.000000000000000000000000000000011
                7000000.000000000000000000000000000000011
                7000000.000000000000000000000000000000011
                      0.010886633433742784471398579171364
                     -0.096719418516298102939110492570762
                     -0.153853422639861070475575388627476
                      0.326971016121704205481535154831363
                      0.000000000000000000000000000000000
                      0.000000000000000000000000000000000
                     -0.038905355269394370498758917165105
                     -0.241963342530293085141934739112912
                      0.021785358841561287129851010035964
                     -0.152439078489732399157574604942056
                      0.000000000000000000000000000000000
                      0.000000000000000000000000000000000
                7000000.000000000000000000000000000000011
                7000000.000000000000000000000000000000011
                7000000.000000000000000000000000000000011
             -129014905.111458733677864074707031250000006
              -93470606.984366118907928466796874999999902
               86117318.510917812585830688476562499999910
               62391201.105510547757148742675781249999935
                      0.000000000000000000000000000000000
                      0.000000000000000000000000000000000
                      0.082412565860010444929173445416382
                      0.051768987425513147970779215256698
                     -0.036988923293264898417564978672090
                     -0.160324535555436770151160885689023
                      0.000000000000000000000000000000000
                      0.000000000000000000000000000000000
                7000000.000000000000000000000000000000011
                7000000.000000000000000000000000000000011
                7000000.000000000000000000000000000000011
          ***********************************************
          ***********************************************
          ***********************************************
          ***********************************************
                      0.000000000000000000000000000000000
                      0.000000000000000000000000000000000
                     -0.072509108450074424845332998756930
                     -0.012057039883679451092168832815332
                     -0.075971232506383198912480736453290
                      0.432316531991639885212919125478948
                      0.000000000000000000000000000000000
                      0.000000000000000000000000000000000
                7000000.000000000000000000000000000000011
                7000000.000000000000000000000000000000011
                7000000.000000000000000000000000000000011
                3237073.012508309446275234222412109375005
                1388352.080101441591978073120117187500002
                3648714.234354173298925161361694335937506
                1654578.498493467224761843681335449218753
                      0.000000000000000000000000000000000
                      0.000000000000000000000000000000000
          -375576523524.578125000000000000000000000081580
          -458482511167.357971191406250000000000000099588
          ***********************************************
          ***********************************************
                      0.000000000000000000000000000000000
                      0.000000000000000000000000000000000
                7000000.000000000000000000000000000000011
                7000000.000000000000000000000000000000011
                7000000.000000000000000000000000000000011
                     -0.055990488080859462938221327021893
                      0.004310420006245539378819664477760
                     -0.028489194051788051947893265491984
                      0.396853480130626878885635733240633
                      0.000000000000000000000000000000000
                      0.000000000000000000000000000000000
                     -0.058580503028479238847303633974661
                      0.181546538593150397211672952835215
                      0.105723761749078590255201959280384
                      0.352544488806896261223755573155358
                      0.000000000000000000000000000000000
                      0.000000000000000000000000000000000
                7000000.000000000000000000000000000000011
                7000000.000000000000000000000000000000011
                7000000.000000000000000000000000000000011
             -306947540.352150797843933105468750000000014
          ***********************************************
              364437037.457951307296752929687500000000017
          ***********************************************
                      0.000000000000000000000000000000000
                      0.000000000000000000000000000000000
                   -661.667335756867146301374305039644241
          ***********************************************
                  -2734.413613410233210743172094225883484
          ***********************************************
                      0.000000000000000000000000000000000
                      0.000000000000000000000000000000000
                7000000.000000000000000000000000000000011
                7000000.000000000000000000000000000000011
                7000000.000000000000000000000000000000011
                     -0.019422601697308701507171946332164
                     -0.165298950767691271712678258154483
                      0.134010460406391390675295838263992
                      0.349684319816474464825972745529725
                      0.000000000000000000000000000000000
                      0.000000000000000000000000000000000
          ***********************************************
          ***********************************************
          ***********************************************
          ***********************************************
                      0.000000000000000000000000000000000
                      0.000000000000000000000000000000000
                7000000.000000000000000000000000000000011
                7000000.000000000000000000000000000000011
                7000000.000000000000000000000000000000011
                      0.032154818683533398226970234645705
                     -0.254816927656424996317952036406496
                      0.082037820206535744249620734080963
                      0.037544810789608369649972274828542
                      0.000000000000000000000000000000000
                      0.000000000000000000000000000000000
                     -0.003534631439551892597566995490865
                     -0.000390341915107531142650060251853
                     -0.101659637874580988103900835994864
                      0.260414286641505621222592026242637
                      0.000000000000000000000000000000000
                      0.000000000000000000000000000000000
                7000000.000000000000000000000000000000011
                7000000.000000000000000000000000000000011
                7000000.000000000000000000000000000000011
                      0.011257831305692449913591346444264
                      0.014476386873617007669534650915466
                      0.118174991799320033836195875664998
                      0.191475632133531331602327441032685
                      0.000000000000000000000000000000000
                      0.000000000000000000000000000000000
              -24833886.805314745754003524780273437499974
              -10676852.846666334196925163269042968749989
             -166908785.365723371505737304687500000000008
              -75512392.387862682342529296874999999999921
                      0.000000000000000000000000000000000
                      0.000000000000000000000000000000000
                7000000.000000000000000000000000000000011
                7000000.000000000000000000000000000000011
                7000000.000000000000000000000000000000011
             3313194134.914158344268798828124999999997886
             2219224000.846499443054199218749999999998584
              412135711.592177808284759521484375000000019
              285948910.956881999969482421875000000000013
                      0.000000000000000000000000000000000
                      0.000000000000000000000000000000000
                      0.150618159825917641292392090690555
                      0.169148537050717362451024428082746
                      0.107123910099158239916938839542127
                     -0.032532043007360067488065169527545
                      0.000000000000000000000000000000000
                      0.000000000000000000000000000000000
                7000000.000000000000000000000000000000011
                7000000.000000000000000000000000000000011
                7000000.000000000000000000000000000000011
                      0.094877878785726205146389133915363
                      0.175220114898726408991791458902298
                      0.031090109342483820270564010002090
                      0.103469042952563913817520813154260
                      0.000000000000000000000000000000000
                      0.000000000000000000000000000000000
           386017162402.481445312500000000000000000083848
           127725318524.978836059570312500000000000027744
           -42061934518.710350036621093750000000000009136
           -12371260527.231168746948242187500000000002687
                      0.000000000000000000000000000000000
                      0.000000000000000000000000000000000
                7000000.000000000000000000000000000000011
                7000000.000000000000000000000000000000011
                7000000.000000000000000000000000000000011
                      0.121792053929813987034336264514423
                     -0.123835858807617466004202810836432
                      0.003155335703082446860423537771112
                      0.364753635440172752080201235003187
                      0.000000000000000000000000000000000
                      0.000000000000000000000000000000000
          ***********************************************
          ***********************************************
          ***********************************************
          ***********************************************
                      0.000000000000000000000000000000000
                      0.000000000000000000000000000000000
                7000000.000000000000000000000000000000011
                7000000.000000000000000000000000000000011
                7000000.000000000000000000000000000000011
                      0.100671612769475907200877884406509
                      0.173709436503336284163268032898486
                     -0.005969402304026934225067435590972
                      0.361375195173027019546196925148251
                      0.000000000000000000000000000000000
                      0.000000000000000000000000000000000
                      0.016373965886550458787018769157839
                     -0.006043151551733501845864449109058
                     -0.042136573603978981494844191502125
                      0.466780840701427501837628142311587
                      0.000000000000000000000000000000000
                      0.000000000000000000000000000000000
                7000000.000000000000000000000000000000011
                7000000.000000000000000000000000000000011
                7000000.000000000000000000000000000000011
                   3042.414939973331456712912768125534058
                   1823.276295437351109285373240709304810
                   2046.543875774050093241385184228420258
                   1115.930110088866285877884365618228912
                      0.000000000000000000000000000000000
                      0.000000000000000000000000000000000
                     -0.066973797410893140535925738277001
                     -0.218774355996856434414254977127712
                      0.063661107329352567552049890764465
                      0.297822747147667543643478893500287
                      0.000000000000000000000000000000000
                      0.000000000000000000000000000000000
                7000000.000000000000000000000000000000011
                7000000.000000000000000000000000000000011
                7000000.000000000000000000000000000000011
                      0.117259993554073599364429014713096
                      0.041738402186479853228640024553897
                     -0.031558471317786045140518780272032
                      0.156803096110618045422313571179984
                      0.000000000000000000000000000000000
                      0.000000000000000000000000000000000
                     -0.015336804040715667704630753576112
                      0.065294524909553147695717711940233
                      0.149014448409294258945934075200057
                      0.000881604059847205232848532663326
                      0.000000000000000000000000000000000
                      0.000000000000000000000000000000000
                7000000.000000000000000000000000000000011
                7000000.000000000000000000000000000000011
                7000000.000000000000000000000000000000011
                     -0.027758064536657498649896425035877
                     -0.105341142865663608962911723665457
                     -0.028694225317958926835260058396671
                     -0.207362399307862710351457735669101
                      0.000000000000000000000000000000000
                      0.000000000000000000000000000000000
                     -0.026291279856261319525234654292944
                     -0.037889959166874209728348432690836
                     -0.127523030955168120703646650326846
                      0.358865498132995397462252640252700
                      0.000000000000000000000000000000000
                      0.000000000000000000000000000000000
                7000000.000000000000000000000000000000011
                7000000.000000000000000000000000000000011
                7000000.000000000000000000000000000000011
                     -0.118532967410255402063157248448988
                      0.096880993164961237695820273074787
                     -0.118965898112801379826741765555198
                      0.062902524053718864016637724034808
                      0.000000000000000000000000000000000
                      0.000000000000000000000000000000000
                      0.055716125372110021640725818770079
                     -0.291205914866994153289425639741239
                     -0.030161792095959757270540180229546
                      0.345702061115692849124769736590679
                      0.000000000000000000000000000000000
                      0.000000000000000000000000000000000
                7000000.000000000000000000000000000000011
                7000000.000000000000000000000000000000011
                7000000.000000000000000000000000000000011
                     -0.052778502603955008976033269618711
                     -0.007499822038545202358694741207046
                      0.039229959568277947279391071333521
                     -0.250141603472316065293057363305707
                      0.000000000000000000000000000000000
                      0.000000000000000000000000000000000
                  17877.144089441288087982684373855590820
                   5806.744051288460468640550971031188965
               -1403139.049207212636247277259826660156252
                -458669.250876688747666776180267333984375
                      0.000000000000000000000000000000000
                      0.000000000000000000000000000000000
                7000000.000000000000000000000000000000011
                7000000.000000000000000000000000000000011
                7000000.000000000000000000000000000000011
                      0.071183902174929356010402159427031
                     -0.136726129489778747139183678882546
                      0.043958098287614870425255020336408
                      0.445358605280788244495937533429242
                      0.000000000000000000000000000000000
                      0.000000000000000000000000000000000
                      0.105792369631094354542888424930425
                     -0.205680310349967726546438484547252
                     -0.020424616122781021065879514253538
                      0.181806574368717666079220407482353
                      0.000000000000000000000000000000000
                      0.000000000000000000000000000000000
                7000000.000000000000000000000000000000011
                7000000.000000000000000000000000000000011
                7000000.000000000000000000000000000000011
                      0.129202322673578479106382133068109
                     -0.259791828877210140280595851436374
                     -0.123919625892000478950549791079538
                      0.024423240650397259193793431109043
                      0.000000000000000000000000000000000
                      0.000000000000000000000000000000000
                     -0.144359223964203919887694382850896
                      0.016554483698379453271432026895127
                     -0.022153373733837196379869993734246
                      0.240522998375782975921666206886584
                      0.000000000000000000000000000000000
                      0.000000000000000000000000000000000
                7000000.000000000000000000000000000000011
                7000000.000000000000000000000000000000011
                7000000.000000000000000000000000000000011
