 62.000000  0.756586
 62.015625  0.547059
 62.031250  0.746265
 62.046875  0.891939
 62.062500  0.381356
 62.078125  0.643393
 62.093750  0.853878
 62.109375  0.479735
 62.125000  0.452732
 62.140625  0.397652
 62.156250  0.356218
 62.171875  0.431550
 62.187500  0.632470
 62.203125  0.061950
 62.218750  0.262329
 62.234375  0.280416
 62.250000  0.888537
 62.265625  0.857394
 62.281250  0.922272
 62.296875  1.000000
 62.312500  0.343327
 62.328125  0.257296
 62.343750  0.082637
 62.359375  0.687494
 62.375000  0.802066
 62.390625  0.107606
 62.406250  0.421773
 62.421875  0.220770
 62.437500  0.402132
 62.453125  0.136889
 62.468750  0.071855
 62.484375  0.215182
