 60.000000  0.965782
 60.015625  0.018904
 60.031250  0.692846
 60.046875  1.000000
 60.062500  0.714921
 60.078125  0.300354
 60.093750  0.238841
 60.109375  0.444341
 60.125000  0.297993
 60.140625  0.268990
 60.156250  0.150600
 60.171875  0.018145
 60.187500  0.268308
 60.203125  0.143683
 60.218750  0.228334
 60.234375  0.218212
 60.250000  0.423806
 60.265625  0.207652
 60.281250  0.139357
 60.296875  0.362096
 60.312500  0.478622
 60.328125  0.275211
 60.343750  0.208612
 60.359375  0.089224
 60.375000  0.035840
 60.390625  0.435042
 60.406250  0.634108
 60.421875  0.342989
 60.437500  0.419904
 60.453125  0.571424
 60.468750  0.153160
 60.484375  0.339854
