 62.000000  0.401088
 62.015625  0.204249
 62.031250  0.202174
 62.046875  0.291246
 62.062500  0.196820
 62.078125  0.527048
 62.093750  0.260545
 62.109375  0.225062
 62.125000  0.776989
 62.140625  0.270504
 62.156250  0.549929
 62.171875  0.296043
 62.187500  0.681845
 62.203125  0.783895
 62.218750  0.680500
 62.234375  0.293085
 62.250000  0.501454
 62.265625  0.292734
 62.281250  0.625680
 62.296875  0.361311
 62.312500  0.609610
 62.328125  1.000000
 62.343750  0.200339
 62.359375  0.502350
 62.375000  0.213994
 62.390625  0.156137
 62.406250  0.321791
 62.421875  0.243138
 62.437500  0.582433
 62.453125  0.192143
 62.468750  0.106405
 62.484375  0.792046
