            0.088704799912988338550512423807959
            0.000001249918361000000101187741922
           -0.025863044105727397287131097414203
            0.142516265800000013763693118562514
            0.000000000000000000000000000000000
            0.000000000000000000000000000000000
           -0.014280705716281731285088874017219
            0.000001249918361000000101187741922
            0.027401834195020517009888649795357
            0.142516265800000013763693118562514
            0.000000000000000000000000000000000
            0.000000000000000000000000000000000
      7000000.000000000000000000000000000000000
      7000000.000000000000000000000000000000000
      7000000.000000000000000000000000000000000
            0.013154591241014148075838541274152
            0.000001249918361000000101187741922
           -0.052006948369904208717695581754015
            0.142516265800000013763693118562514
            0.000000000000000000000000000000000
            0.000000000000000000000000000000000
           -0.079719629171186953686678577923885
            0.000001249918361000000101187741922
           -0.207561936038604816223696047927660
            0.142516265800000013763693118562514
            0.000000000000000000000000000000000
            0.000000000000000000000000000000000
      7000000.000000000000000000000000000000000
      7000000.000000000000000000000000000000000
      7000000.000000000000000000000000000000000
           -0.189953690884584247555721958633512
            0.000001249918361000000101187741922
           -0.092740623117297291133631631510070
            0.142516265800000013763693118562514
            0.000000000000000000000000000000000
            0.000000000000000000000000000000000
            0.109148497245916228925999291732296
            0.000001249918361000000101187741922
            0.102396362398647924885075610745844
            0.142516265800000013763693118562514
            0.000000000000000000000000000000000
            0.000000000000000000000000000000000
      7000000.000000000000000000000000000000000
      7000000.000000000000000000000000000000000
      7000000.000000000000000000000000000000000
           -0.152026972639926538644061793092988
            0.000001249918361000000101187741922
            0.064047004232616111529807767510647
            0.142516265800000013763693118562514
            0.000000000000000000000000000000000
            0.000000000000000000000000000000000
           -0.025564273299113312448715973346225
            0.000001249918361000000101187741922
            0.227697419312923088341449329163879
            0.142516265800000013763693118562514
            0.000000000000000000000000000000000
            0.000000000000000000000000000000000
      7000000.000000000000000000000000000000000
      7000000.000000000000000000000000000000000
      7000000.000000000000000000000000000000000
            0.006415429376555240384427669653178
            0.000001249918361000000101187741922
           -0.060040550003188704331069658337583
            0.142516265800000013763693118562514
            0.000000000000000000000000000000000
            0.000000000000000000000000000000000
           -0.204998405503323793963588173028256
            0.000001249918361000000101187741922
           -0.033708203141314195538935649665291
            0.142516265800000013763693118562514
            0.000000000000000000000000000000000
            0.000000000000000000000000000000000
      7000000.000000000000000000000000000000000
      7000000.000000000000000000000000000000000
      7000000.000000000000000000000000000000000
            0.016549841131688104028940600187525
            0.000001249918361000000101187741922
           -0.008052153508648979968187475719787
            0.142516265800000013763693118562514
            0.000000000000000000000000000000000
            0.000000000000000000000000000000000
           -0.010179862386826693532171361766814
            0.000001249918361000000101187741922
            0.163686914009212564069528639265627
            0.142516265800000013763693118562514
            0.000000000000000000000000000000000
            0.000000000000000000000000000000000
      7000000.000000000000000000000000000000000
      7000000.000000000000000000000000000000000
      7000000.000000000000000000000000000000000
           -0.008109276538833570108222303929324
            0.000001249918361000000101187741922
           -0.021235726026470676253143921030642
            0.142516265800000013763693118562514
            0.000000000000000000000000000000000
            0.000000000000000000000000000000000
           -0.160111794380179944807807146389678
            0.000001249918361000000101187741922
            0.124862744629522376405006411914655
            0.142516265800000013763693118562514
            0.000000000000000000000000000000000
            0.000000000000000000000000000000000
      7000000.000000000000000000000000000000000
      7000000.000000000000000000000000000000000
      7000000.000000000000000000000000000000000
            0.013812458890143843731612705028056
            0.000001249918361000000101187741922
            0.061350789213092289664519540792753
            0.142516265800000013763693118562514
            0.000000000000000000000000000000000
            0.000000000000000000000000000000000
           -0.204724886854786708445530507560761
            0.000001249918361000000101187741922
            0.106947906573691436937778576066194
            0.142516265800000013763693118562514
            0.000000000000000000000000000000000
            0.000000000000000000000000000000000
      7000000.000000000000000000000000000000000
      7000000.000000000000000000000000000000000
      7000000.000000000000000000000000000000000
            0.097953069954658772422462220674788
            0.000001249918361000000101187741922
           -0.036252661434242224036683666099634
            0.142516265800000013763693118562514
            0.000000000000000000000000000000000
            0.000000000000000000000000000000000
           -0.014140492335590663930400268100129
            0.000001249918361000000101187741922
            0.068157299749157962409640276746359
            0.142516265800000013763693118562514
            0.000000000000000000000000000000000
            0.000000000000000000000000000000000
      7000000.000000000000000000000000000000000
      7000000.000000000000000000000000000000000
      7000000.000000000000000000000000000000000
            0.204499503468809712414255841395061
            0.000001249918361000000101187741922
            0.069557326337037553298792147415952
            0.142516265800000013763693118562514
            0.000000000000000000000000000000000
            0.000000000000000000000000000000000
           -0.031840184800869891779129261522030
            0.000001249918361000000101187741922
           -0.097318695118973216895419398042577
            0.142516265800000013763693118562514
            0.000000000000000000000000000000000
            0.000000000000000000000000000000000
      7000000.000000000000000000000000000000000
      7000000.000000000000000000000000000000000
      7000000.000000000000000000000000000000000
            0.013009129827060716272368878776433
            0.000001249918361000000101187741922
           -0.223097112187676444028383571094309
            0.142516265800000013763693118562514
            0.000000000000000000000000000000000
            0.000000000000000000000000000000000
            0.031195013122061968774412221705461
            0.000001249918361000000101187741922
            0.035702587327858803512015128944768
            0.142516265800000013763693118562514
            0.000000000000000000000000000000000
            0.000000000000000000000000000000000
      7000000.000000000000000000000000000000000
      7000000.000000000000000000000000000000000
      7000000.000000000000000000000000000000000
           -0.084918018051676980029185415332904
            0.000001249918361000000101187741922
           -0.080937987758522803027894099159312
            0.142516265800000013763693118562514
            0.000000000000000000000000000000000
            0.000000000000000000000000000000000
           -0.018023555675306345696951026980059
            0.000001249918361000000101187741922
            0.197567076190828333492888191358361
            0.142516265800000013763693118562514
            0.000000000000000000000000000000000
            0.000000000000000000000000000000000
      7000000.000000000000000000000000000000000
      7000000.000000000000000000000000000000000
      7000000.000000000000000000000000000000000
            0.114551093934839656740543034629809
            0.000001249918361000000101187741922
            0.099946334793538899043952028478088
            0.142516265800000013763693118562514
            0.000000000000000000000000000000000
            0.000000000000000000000000000000000
           -0.019407577149870357952066157736226
            0.000001249918361000000101187741922
            0.084909790672249782494951375610981
            0.142516265800000013763693118562514
            0.000000000000000000000000000000000
            0.000000000000000000000000000000000
      7000000.000000000000000000000000000000000
      7000000.000000000000000000000000000000000
      7000000.000000000000000000000000000000000
           -0.060100255780681094419648502480413
            0.000001249918361000000101187741922
            0.112768617691564487781619163797586
            0.142516265800000013763693118562514
            0.000000000000000000000000000000000
            0.000000000000000000000000000000000
            0.053416165724075911902524183005880
            0.000001249918361000000101187741922
           -0.112289237835194913306402497710224
            0.142516265800000013763693118562514
            0.000000000000000000000000000000000
            0.000000000000000000000000000000000
      7000000.000000000000000000000000000000000
      7000000.000000000000000000000000000000000
      7000000.000000000000000000000000000000000
           -0.201056296302885878501953698105353
            0.000001249918361000000101187741922
            0.077635912174794124984700260938553
            0.142516265800000013763693118562514
            0.000000000000000000000000000000000
            0.000000000000000000000000000000000
           -0.133895817043570508619865222499357
            0.000001249918361000000101187741922
           -0.161459247073559464258352136312169
            0.142516265800000013763693118562514
            0.000000000000000000000000000000000
            0.000000000000000000000000000000000
      7000000.000000000000000000000000000000000
      7000000.000000000000000000000000000000000
      7000000.000000000000000000000000000000000
            0.177749471795113356265005677414592
            0.000001249918361000000101187741922
           -0.054283003671279680957262314677791
            0.142516265800000013763693118562514
            0.000000000000000000000000000000000
            0.000000000000000000000000000000000
           -0.205796190709085308201409247885749
            0.000001249918361000000101187741922
           -0.022601165083292320406860298476204
            0.142516265800000013763693118562514
            0.000000000000000000000000000000000
            0.000000000000000000000000000000000
      7000000.000000000000000000000000000000000
      7000000.000000000000000000000000000000000
      7000000.000000000000000000000000000000000
            0.059525518765389133502008434106756
            0.000001249918361000000101187741922
           -0.034059953185564539879237599961925
            0.142516265800000013763693118562514
            0.000000000000000000000000000000000
            0.000000000000000000000000000000000
           -0.163154315161611496165505741373636
            0.000001249918361000000101187741922
           -0.127384740531786971873273728306231
            0.142516265800000013763693118562514
            0.000000000000000000000000000000000
            0.000000000000000000000000000000000
      7000000.000000000000000000000000000000000
      7000000.000000000000000000000000000000000
      7000000.000000000000000000000000000000000
           -0.146273630083665839851647660907474
            0.000001249918361000000101187741922
           -0.066538985624658888995419658840547
            0.142516265800000013763693118562514
            0.000000000000000000000000000000000
            0.000000000000000000000000000000000
           -0.091152432212277229028885017214634
            0.000001249918361000000101187741922
            0.041148001753812980807456511911369
            0.142516265800000013763693118562514
            0.000000000000000000000000000000000
            0.000000000000000000000000000000000
      7000000.000000000000000000000000000000000
      7000000.000000000000000000000000000000000
      7000000.000000000000000000000000000000000
            0.085448764004772470581627885621856
            0.000001249918361000000101187741922
            0.179661477995273294316902479295095
            0.142516265800000013763693118562514
            0.000000000000000000000000000000000
            0.000000000000000000000000000000000
           -0.042950568597036851981041394310523
            0.000001249918361000000101187741922
           -0.059515747987355364923001133092839
            0.142516265800000013763693118562514
            0.000000000000000000000000000000000
            0.000000000000000000000000000000000
      7000000.000000000000000000000000000000000
      7000000.000000000000000000000000000000000
      7000000.000000000000000000000000000000000
           -0.115044184684515729544251882998651
            0.000001249918361000000101187741922
           -0.145892227218079956196916668886843
            0.142516265800000013763693118562514
            0.000000000000000000000000000000000
            0.000000000000000000000000000000000
            0.058003037093981503480311090470423
            0.000001249918361000000101187741922
           -0.019424484874099468695307635357494
            0.142516265800000013763693118562514
            0.000000000000000000000000000000000
            0.000000000000000000000000000000000
      7000000.000000000000000000000000000000000
      7000000.000000000000000000000000000000000
      7000000.000000000000000000000000000000000
           -0.038561547394043625691661958398981
            0.000001249918361000000101187741922
           -0.081823880113660277246800944794813
            0.142516265800000013763693118562514
            0.000000000000000000000000000000000
            0.000000000000000000000000000000000
           -0.220046671623250283955641748434573
            0.000001249918361000000101187741922
           -0.019812674613572490295299033391530
            0.142516265800000013763693118562514
            0.000000000000000000000000000000000
            0.000000000000000000000000000000000
      7000000.000000000000000000000000000000000
      7000000.000000000000000000000000000000000
      7000000.000000000000000000000000000000000
           -0.063982534134887317223139291400003
            0.000001249918361000000101187741922
           -0.181809876709805556815879867826879
            0.142516265800000013763693118562514
            0.000000000000000000000000000000000
            0.000000000000000000000000000000000
           -0.070828014831606320167445289825991
            0.000001249918361000000101187741922
            0.212082141495837206424113219327410
            0.142516265800000013763693118562514
            0.000000000000000000000000000000000
            0.000000000000000000000000000000000
      7000000.000000000000000000000000000000000
      7000000.000000000000000000000000000000000
      7000000.000000000000000000000000000000000
            0.076824195142615958609155768499477
            0.000001249918361000000101187741922
           -0.057582412810775696065945794543950
            0.142516265800000013763693118562514
            0.000000000000000000000000000000000
            0.000000000000000000000000000000000
           -0.142037314621820454085820983891608
            0.000001249918361000000101187741922
            0.102181759918343009752028649472777
            0.142516265800000013763693118562514
            0.000000000000000000000000000000000
            0.000000000000000000000000000000000
      7000000.000000000000000000000000000000000
      7000000.000000000000000000000000000000000
      7000000.000000000000000000000000000000000
            0.009278791810775595741422883122596
            0.000001249918361000000101187741922
           -0.094989110774646320911607233483664
            0.142516265800000013763693118562514
            0.000000000000000000000000000000000
            0.000000000000000000000000000000000
            0.019380719596982540903207237192873
            0.000001249918361000000101187741922
            0.202114580807054217137519458447059
            0.142516265800000013763693118562514
            0.000000000000000000000000000000000
            0.000000000000000000000000000000000
      7000000.000000000000000000000000000000000
      7000000.000000000000000000000000000000000
      7000000.000000000000000000000000000000000
            0.025833508320131100266525692177311
            0.000001249918361000000101187741922
            0.053308793359782620513431794506687
            0.142516265800000013763693118562514
            0.000000000000000000000000000000000
            0.000000000000000000000000000000000
            0.116287251813778635955998197459849
            0.000001249918361000000101187741922
            0.110622141569826956675193230239529
            0.142516265800000013763693118562514
            0.000000000000000000000000000000000
            0.000000000000000000000000000000000
      7000000.000000000000000000000000000000000
      7000000.000000000000000000000000000000000
      7000000.000000000000000000000000000000000
            0.008269443790992472495537946031163
            0.000001249918361000000101187741922
            0.227077516931344008943582934989536
            0.142516265800000013763693118562514
            0.000000000000000000000000000000000
            0.000000000000000000000000000000000
           -0.135162040786927117874682835463318
            0.000001249918361000000101187741922
           -0.137257627181469138433200782856147
            0.142516265800000013763693118562514
            0.000000000000000000000000000000000
            0.000000000000000000000000000000000
      7000000.000000000000000000000000000000000
      7000000.000000000000000000000000000000000
      7000000.000000000000000000000000000000000
           -0.103513848336129241078928941988124
            0.000001249918361000000101187741922
           -0.104990704447055480108552671936195
            0.142516265800000013763693118562514
            0.000000000000000000000000000000000
            0.000000000000000000000000000000000
            0.057306005688623137817039321362245
            0.000001249918361000000101187741922
           -0.170820837027934990803856862839893
            0.142516265800000013763693118562514
            0.000000000000000000000000000000000
            0.000000000000000000000000000000000
      7000000.000000000000000000000000000000000
      7000000.000000000000000000000000000000000
      7000000.000000000000000000000000000000000
            0.116074898151664787637749043369695
            0.000001249918361000000101187741922
            0.191291877465534887470255398511654
            0.142516265800000013763693118562514
            0.000000000000000000000000000000000
            0.000000000000000000000000000000000
           -0.018657135827529768706822821400237
            0.000001249918361000000101187741922
           -0.044181437748507912388618024124298
            0.142516265800000013763693118562514
            0.000000000000000000000000000000000
            0.000000000000000000000000000000000
      7000000.000000000000000000000000000000000
      7000000.000000000000000000000000000000000
      7000000.000000000000000000000000000000000
           -0.050620260956351095793515071363800
            0.000001249918361000000101187741922
           -0.137449263697495521752145464233763
            0.142516265800000013763693118562514
            0.000000000000000000000000000000000
            0.000000000000000000000000000000000
            0.188456879758974654714975827118906
            0.000001249918361000000101187741922
           -0.115946385029057866256074760258343
            0.142516265800000013763693118562514
            0.000000000000000000000000000000000
            0.000000000000000000000000000000000
      7000000.000000000000000000000000000000000
      7000000.000000000000000000000000000000000
      7000000.000000000000000000000000000000000
           -0.103630008805062276411312893742434
            0.000001249918361000000101187741922
            0.159270106434733466072017904480163
            0.142516265800000013763693118562514
            0.000000000000000000000000000000000
            0.000000000000000000000000000000000
           -0.132510515788672511572343637453741
            0.000001249918361000000101187741922
            0.139205960976463927192270375599037
            0.142516265800000013763693118562514
            0.000000000000000000000000000000000
            0.000000000000000000000000000000000
      7000000.000000000000000000000000000000000
      7000000.000000000000000000000000000000000
      7000000.000000000000000000000000000000000
