                     -0.088801841097041589456750898534665
                      0.026524520068481254736481034228746
                      0.001687692681213503326231872847529
                      0.102569961372992526915659539099579
                      0.000000000000000000000000000000000
                      0.000000000000000000000000000000000
                      0.012620450367033794053517326005931
                     -0.018081668206287447586699812518418
                      0.025130913016100413920339562423578
                      0.126203317521723784588871808409749
                      0.000000000000000000000000000000000
                      0.000000000000000000000000000000000
                7000000.000000000000000000000000000000011
                7000000.000000000000000000000000000000011
                7000000.000000000000000000000000000000011
                      0.012076557651019000777514733613316
                     -0.013352322209843231134995811260069
                     -0.003673197515750345649998553909654
                      0.239816451319261658703396733471891
                      0.000000000000000000000000000000000
                      0.000000000000000000000000000000000
                      0.042873334265036026902162547003172
                      0.222130068327543506168098019770696
                     -0.028851784445460031819363777572107
                     -0.216283187578780844440018427121686
                      0.000000000000000000000000000000000
                      0.000000000000000000000000000000000
                7000000.000000000000000000000000000000011
                7000000.000000000000000000000000000000011
                7000000.000000000000000000000000000000011
                     -0.052443827816763419202850116107584
                     -0.311202591397370664783039728717995
                      0.074974290284777769799440250153566
                      0.154034829331001488217367523247958
                      0.000000000000000000000000000000000
                      0.000000000000000000000000000000000
                      0.098172027493983543555700066463032
                     -0.022559107272646507919011682474775
                     -0.097582183841289513170913494377601
                      0.031025773531904572016815180290905
                      0.000000000000000000000000000000000
                      0.000000000000000000000000000000000
                7000000.000000000000000000000000000000011
                7000000.000000000000000000000000000000011
                7000000.000000000000000000000000000000011
                      0.048336816967188625526752332461911
                      0.274156368346463841234594838169869
                     -0.006503322877059167228530611737369
                      0.099248765386062046123250013351935
                      0.000000000000000000000000000000000
                      0.000000000000000000000000000000000
          ***********************************************
          ***********************************************
          ***********************************************
          ***********************************************
                      0.000000000000000000000000000000000
                      0.000000000000000000000000000000000
                7000000.000000000000000000000000000000011
                7000000.000000000000000000000000000000011
                7000000.000000000000000000000000000000011
                      0.006275854222504946740290865392353
                      0.004475890206756883045458028647090
                     -0.056167432673403072662665636016754
                      0.178178738925874075027522280834091
                      0.000000000000000000000000000000000
                      0.000000000000000000000000000000000
                      0.211687769350616228347661262887414
                     -0.048362110593170672123708442313728
                      0.027691672165275894174074622355874
                      0.112971109917585590953770235955744
                      0.000000000000000000000000000000000
                      0.000000000000000000000000000000000
                7000000.000000000000000000000000000000011
                7000000.000000000000000000000000000000011
                7000000.000000000000000000000000000000011
                      0.009343330923503985474543043210360
                     -0.026385331520989804832133529544080
                      0.006995666119155870277257491807177
                      0.139679234279151659459117240658088
                      0.000000000000000000000000000000000
                      0.000000000000000000000000000000000
                      0.008797199216905211144323928351696
                      0.045134230986625882564577949551676
                      0.159890509103660982681560653873021
                      0.179836289621487094292362485248304
                      0.000000000000000000000000000000000
                      0.000000000000000000000000000000000
                7000000.000000000000000000000000000000011
                7000000.000000000000000000000000000000011
                7000000.000000000000000000000000000000011
                      0.007486717902663215379321925979639
                     -0.006045965219343429203346929057261
                      0.016258018622236296291116985912595
                      0.116837703670434056579807702291873
                      0.000000000000000000000000000000000
                      0.000000000000000000000000000000000
                      0.005551906245555390806423190497298
                     -0.361435662543070024277369611809263
                     -0.121036774411672015672181146328512
                      0.142676695734193587083993293163076
                      0.000000000000000000000000000000000
                      0.000000000000000000000000000000000
                7000000.000000000000000000000000000000011
                7000000.000000000000000000000000000000011
                7000000.000000000000000000000000000000011
                      0.008237164838346720113770871307679
                      0.018127453300632485888588263378551
                      0.061153807489113573558903169669065
                      0.120921117111754031214765348067885
                      0.000000000000000000000000000000000
                      0.000000000000000000000000000000000
                9291970.650223061442375183105468750000015
          ***********************************************
               41449281.658496722579002380371093749999957
          ***********************************************
                      0.000000000000000000000000000000000
                      0.000000000000000000000000000000000
                7000000.000000000000000000000000000000011
                7000000.000000000000000000000000000000011
                7000000.000000000000000000000000000000011
                     -0.100473077596313950521356161971198
                     -0.041542317858691717169516977037347
                     -0.018613409073671795257443051241353
                      0.181660037719890837815128747934068
                      0.000000000000000000000000000000000
                      0.000000000000000000000000000000000
                     -0.011710893476447117866889868764702
                      0.013797843225243452969230872895423
                      0.067936355207343285256271769867453
                      0.126333686432354846962411443200835
                      0.000000000000000000000000000000000
                      0.000000000000000000000000000000000
                7000000.000000000000000000000000000000011
                7000000.000000000000000000000000000000011
                7000000.000000000000000000000000000000011
          ***********************************************
          ***********************************************
          ***********************************************
          ***********************************************
                      0.000000000000000000000000000000000
                      0.000000000000000000000000000000000
                      0.015812458353495859042503468572249
                      0.054688263233850661904078549468977
                      0.094189749982479351042563564533339
                      0.155417013964159411720800108014373
                      0.000000000000000000000000000000000
                      0.000000000000000000000000000000000
                7000000.000000000000000000000000000000011
                7000000.000000000000000000000000000000011
                7000000.000000000000000000000000000000011
                     -0.057186269448656339153824745835664
                     -0.180449990820104239075405416770082
                     -0.183305399188243817176768857279967
                      0.190613066334093667064664145982533
                      0.000000000000000000000000000000000
                      0.000000000000000000000000000000000
                      0.020305936163694644769339703316291
                      0.036413565457058635899123544277245
                     -0.033832632963387253288711775667252
                      0.110214298321679102232728553190100
                      0.000000000000000000000000000000000
                      0.000000000000000000000000000000000
                7000000.000000000000000000000000000000011
                7000000.000000000000000000000000000000011
                7000000.000000000000000000000000000000011
                      0.042429473255289666677736448718861
                      0.133709399334704132078499583258235
                      0.043716774693612819868704377768154
                      0.267953727433582977734971564132138
                      0.000000000000000000000000000000000
                      0.000000000000000000000000000000000
                      0.016464613779356696704470053305158
                     -0.025075811173633510281488767645897
                     -0.012674861671987280864470903907204
                      0.528013387338938655624076545791468
                      0.000000000000000000000000000000000
                      0.000000000000000000000000000000000
                7000000.000000000000000000000000000000011
                7000000.000000000000000000000000000000011
                7000000.000000000000000000000000000000011
                      0.075614054910888919835976196281990
                     -0.154528533121490146973187052026333
                     -0.104363196878104538822817914933694
                      0.074601208095164531219900538872025
                      0.000000000000000000000000000000000
                      0.000000000000000000000000000000000
                     -0.011404046603949488658535926788318
                     -0.030715272001513665989236301356868
                     -0.054770879415948672819247633469786
                      0.258500945301546491972288777105859
                      0.000000000000000000000000000000000
                      0.000000000000000000000000000000000
                7000000.000000000000000000000000000000011
                7000000.000000000000000000000000000000011
                7000000.000000000000000000000000000000011
                      0.013215345474066502937104949921832
                     -0.103883147836930853080694703294284
                     -0.037574378797600394008782132004853
                      0.339278641553707516198556959352572
                      0.000000000000000000000000000000000
                      0.000000000000000000000000000000000
                     -0.052694739503926932289168405532109
                     -0.033982139700180609420687716237808
                      0.114191975261142289466143040499446
                      0.161591953188518544504148621854256
                      0.000000000000000000000000000000000
                      0.000000000000000000000000000000000
                7000000.000000000000000000000000000000011
                7000000.000000000000000000000000000000011
                7000000.000000000000000000000000000000011
          ***********************************************
          ***********************************************
          ***********************************************
          ***********************************************
                      0.000000000000000000000000000000000
                      0.000000000000000000000000000000000
                     -0.036484747455881393063403805854250
                     -0.094471147345694186925335600335529
                     -0.024906791567686804855785709378324
                      0.458366460608828130141034762345953
                      0.000000000000000000000000000000000
                      0.000000000000000000000000000000000
                7000000.000000000000000000000000000000011
                7000000.000000000000000000000000000000011
                7000000.000000000000000000000000000000011
                     -0.154835379188153265950234072079184
                     -0.073458145656746839935458126547019
                     -0.031232608987258859978286551495330
                      0.255953099688811858136716637091013
                      0.000000000000000000000000000000000
                      0.000000000000000000000000000000000
          ***********************************************
          ***********************************************
          ***********************************************
          ***********************************************
                      0.000000000000000000000000000000000
                      0.000000000000000000000000000000000
                7000000.000000000000000000000000000000011
                7000000.000000000000000000000000000000011
                7000000.000000000000000000000000000000011
                      0.040239666284746157531859722666923
                      0.080340069849018008740770824260835
                      0.016817601856883943739484621460178
                      0.087060073446310948241944061010145
                      0.000000000000000000000000000000000
                      0.000000000000000000000000000000000
                     -0.078000840953446656800274183751753
                      0.266881392744865775235041382984491
                     -0.008626238421865734667948188985065
                      0.297405995226576180812116945162416
                      0.000000000000000000000000000000000
                      0.000000000000000000000000000000000
                7000000.000000000000000000000000000000011
                7000000.000000000000000000000000000000011
                7000000.000000000000000000000000000000011
                     -0.090786691666688609791968644913140
                     -0.209101294208967891652406478897319
                      0.067690433904519564656254715373507
                      0.129859286451253691518914479274827
                      0.000000000000000000000000000000000
                      0.000000000000000000000000000000000
                      0.018786155561997454344069780063364
                      0.160339364903402420425848617924203
                      0.027766950030697404999679989145989
                      0.088087004402103069589102801728586
                      0.000000000000000000000000000000000
                      0.000000000000000000000000000000000
                7000000.000000000000000000000000000000011
                7000000.000000000000000000000000000000011
                7000000.000000000000000000000000000000011
                     -0.047314329432394483521129302516783
                     -0.107305887107050731965607326401368
                     -0.119859988128843297783276966583799
                     -0.162804231313145558734944984280446
                      0.000000000000000000000000000000000
                      0.000000000000000000000000000000000
                      0.008676557958186862859473187370440
                      0.070691035421338782596123451185122
                     -0.044204284264885790323162950699043
                      0.061430178785930558693628711353085
                      0.000000000000000000000000000000000
                      0.000000000000000000000000000000000
                7000000.000000000000000000000000000000011
                7000000.000000000000000000000000000000011
                7000000.000000000000000000000000000000011
                      0.076209588650742024484863179623062
                     -0.139816377953492887442621395166498
                     -0.105197779707674271554296296926623
                      0.329030999557122338927683813381009
                      0.000000000000000000000000000000000
                      0.000000000000000000000000000000000
                      0.052928184685848554680287492146817
                      0.043975341918530488904970354724355
                     -0.013528903073467418022302055646833
                      0.166289940768852478880646117431752
                      0.000000000000000000000000000000000
                      0.000000000000000000000000000000000
                7000000.000000000000000000000000000000011
                7000000.000000000000000000000000000000011
                7000000.000000000000000000000000000000011
                      0.018533594071761430588374253147776
                     -0.053465560509770325425815684639019
                     -0.078254400354881126222750253873528
                      0.186550818163669585025843389303191
                      0.000000000000000000000000000000000
                      0.000000000000000000000000000000000
                      0.091773762495276633988083858639584
                     -0.394719315102167178643810530047631
                     -0.012903736061893067779693389240947
                      0.303984402956326116296281725226436
                      0.000000000000000000000000000000000
                      0.000000000000000000000000000000000
                7000000.000000000000000000000000000000011
                7000000.000000000000000000000000000000011
                7000000.000000000000000000000000000000011
                      0.019056213322166969115212253882419
                      0.172717322123564054336952722223941
                      0.233629258251580346206210947457294
                      0.251590759698541610589472838910297
                      0.000000000000000000000000000000000
                      0.000000000000000000000000000000000
                      0.077336919776064744214139068390068
                     -0.141675511439333517982319676775660
                     -0.017778908306302947800459079985558
                      0.566490788819072110804597741662292
                      0.000000000000000000000000000000000
                      0.000000000000000000000000000000000
                7000000.000000000000000000000000000000011
                7000000.000000000000000000000000000000011
                7000000.000000000000000000000000000000011
                     -0.077635631274251742928171893254330
                     -0.001048573934778465480480158511511
                      0.056230574055738703764806274421062
                      0.104494823631689728871130284915125
                      0.000000000000000000000000000000000
                      0.000000000000000000000000000000000
                     -0.107663753134676534739533337869943
                      0.191414177095244053550260332485777
                     -0.029182522041045162730643625081939
                      0.259878822894928529496638702767086
                      0.000000000000000000000000000000000
                      0.000000000000000000000000000000000
                7000000.000000000000000000000000000000011
                7000000.000000000000000000000000000000011
                7000000.000000000000000000000000000000011
                      0.007510669190404764203328191740638
                     -0.018225737859009244479224776114279
                      0.087209404817114519192777777334413
                      0.196531985418112203900520285060338
                      0.000000000000000000000000000000000
                      0.000000000000000000000000000000000
                      0.043848056917732768089646100406753
                      0.033793151640839638738533778905548
                      0.123270772884099516497613535648270
                     -0.097975169646124793398911378972116
                      0.000000000000000000000000000000000
                      0.000000000000000000000000000000000
                7000000.000000000000000000000000000000011
                7000000.000000000000000000000000000000011
                7000000.000000000000000000000000000000011
                     -0.016451259355843860648915821798255
                     -0.028123729588648192778688184034763
                     -0.016779284433886213628861483471155
                      0.239528167811437237011418233123550
                      0.000000000000000000000000000000000
                      0.000000000000000000000000000000000
                     -0.113210368697020155592802836963529
                      0.049517534358986634024368811424210
                     -0.116598118220908320008533110012650
                      0.083034191221575126551357470816583
                      0.000000000000000000000000000000000
                      0.000000000000000000000000000000000
                7000000.000000000000000000000000000000011
                7000000.000000000000000000000000000000011
                7000000.000000000000000000000000000000011
                     -0.027441579721097272837049274585297
                      0.094080684775692965948756807392783
                      0.204467264167920464990046980346960
                      0.321702580192700815508999312442029
                      0.000000000000000000000000000000000
                      0.000000000000000000000000000000000
                     -0.142960084088768007992698017005750
                      0.182171247152060622465086225929554
                      0.119753853452274572344293801506865
                      0.315623957139627819845628664552351
                      0.000000000000000000000000000000000
                      0.000000000000000000000000000000000
                7000000.000000000000000000000000000000011
                7000000.000000000000000000000000000000011
                7000000.000000000000000000000000000000011
                      0.013623638612082010490578198869116
                      0.189538871777673256779905841540312
                      0.068194381376850785048127079335245
                      0.278463410964075952502838617874659
                      0.000000000000000000000000000000000
                      0.000000000000000000000000000000000
                     -0.054588435236560664542970755519491
                     -0.059848274283860580791127858901746
                      0.153517241813168253683485886540439
                      0.024574988080211305346844952168794
                      0.000000000000000000000000000000000
                      0.000000000000000000000000000000000
                7000000.000000000000000000000000000000011
                7000000.000000000000000000000000000000011
                7000000.000000000000000000000000000000011
                 379062.621349419874604791402816772460938
                 326152.463726651156321167945861816406250
                -886236.474715823424048721790313720703126
                -762696.813453278620727360248565673828126
                      0.000000000000000000000000000000000
                      0.000000000000000000000000000000000
                     -0.009148959874666923869357404441871
                     -0.026928472558715530610351507334599
                     -0.042861552283488056624971562769133
                      0.120356654717929986708746525891911
                      0.000000000000000000000000000000000
                      0.000000000000000000000000000000000
                7000000.000000000000000000000000000000011
                7000000.000000000000000000000000000000011
                7000000.000000000000000000000000000000011
                      0.023230476644735802843610983359213
                      0.082276491541745280788866523380420
                     -0.089147621370993412881489348364994
                      0.314672389482942460592340694347513
                      0.000000000000000000000000000000000
                      0.000000000000000000000000000000000
          ***********************************************
          ***********************************************
          ***********************************************
          ***********************************************
                      0.000000000000000000000000000000000
                      0.000000000000000000000000000000000
                7000000.000000000000000000000000000000011
                7000000.000000000000000000000000000000011
                7000000.000000000000000000000000000000011
                     -0.129033546470812776618686257279478
                     -0.002728613023992511495141588540037
                     -0.036524725804912006044133931936813
                      0.413531809183416199093841214562417
                      0.000000000000000000000000000000000
                      0.000000000000000000000000000000000
                      0.015322084545428068733108339927185
                      0.193760851949997259247027159290155
                      0.048379577827375272458532151631516
                     -0.098737530308264889744584991149168
                      0.000000000000000000000000000000000
                      0.000000000000000000000000000000000
                7000000.000000000000000000000000000000011
                7000000.000000000000000000000000000000011
                7000000.000000000000000000000000000000011
                      0.086058348518702407203839754856745
                     -0.056573841596227088246440217744748
                      0.016498759169264898966078547459801
                      0.156831714283201362203357120961300
                      0.000000000000000000000000000000000
                      0.000000000000000000000000000000000
                     -0.002351858399047899398498495671106
                      0.025666866811797209302348221626744
                      0.021217274385621005122759541450250
                      0.110068012086321345699424512076803
                      0.000000000000000000000000000000000
                      0.000000000000000000000000000000000
                7000000.000000000000000000000000000000011
                7000000.000000000000000000000000000000011
                7000000.000000000000000000000000000000011
                      0.005445814482038479655001683710225
                     -0.023860345614725761431706985149503
                      0.050875748626274336361419159402431
                      0.155486862547961762759385351273522
                      0.000000000000000000000000000000000
                      0.000000000000000000000000000000000
                     -0.078376671482688897718560383509612
                      0.134810369093077336843933267118700
                      0.002403059395329014240327847318213
                     -0.197765852295791827453186328966694
                      0.000000000000000000000000000000000
                      0.000000000000000000000000000000000
                7000000.000000000000000000000000000000011
                7000000.000000000000000000000000000000011
                7000000.000000000000000000000000000000011
                  -3553.594540247000622912310063838958740
          ***********************************************
                  -2490.695432645929486170643940567970276
          ***********************************************
                      0.000000000000000000000000000000000
                      0.000000000000000000000000000000000
                      0.114138661860420556615203224737343
                     -0.028345464755560517700061495816044
                      0.026219431581938488357019778618451
                      0.340223208939084975632738405693090
                      0.000000000000000000000000000000000
                      0.000000000000000000000000000000000
                7000000.000000000000000000000000000000011
                7000000.000000000000000000000000000000011
                7000000.000000000000000000000000000000011
                     -0.114105209905256549385299535970262
                     -0.168936342695117952539263228572963
                      0.046814357520608453067101351052770
                      0.193675204617691720798688947979826
                      0.000000000000000000000000000000000
                      0.000000000000000000000000000000000
          ***********************************************
          ***********************************************
          ***********************************************
          ***********************************************
                      0.000000000000000000000000000000000
                      0.000000000000000000000000000000000
                7000000.000000000000000000000000000000011
                7000000.000000000000000000000000000000011
                7000000.000000000000000000000000000000011
                      0.005693564640667476452196016367679
                      0.008697530669564811772742629614186
                     -0.046578983803464445168085461546070
                      0.210371007282931093973488145820738
                      0.000000000000000000000000000000000
                      0.000000000000000000000000000000000
                   -215.018213562689425089047290384769440
                    -97.317192890606932564878661651164293
                  -2828.177929123385183629579842090606689
                   -914.787243424357484400388784706592560
                      0.000000000000000000000000000000000
                      0.000000000000000000000000000000000
                7000000.000000000000000000000000000000011
                7000000.000000000000000000000000000000011
                7000000.000000000000000000000000000000011
                     -0.007705889295710811361106440386948
                     -0.026602532453141328194767822878930
                     -0.006323057108238092083318804270675
                      0.150550328590778631498992012893723
                      0.000000000000000000000000000000000
                      0.000000000000000000000000000000000
                      0.013380364571173588086883121661685
                      0.025586202961934492727813506007806
                      0.153663201464220133818372460154933
                      0.219856840324023222743576866378135
                      0.000000000000000000000000000000000
                      0.000000000000000000000000000000000
                7000000.000000000000000000000000000000011
                7000000.000000000000000000000000000000011
                7000000.000000000000000000000000000000011
                     -0.005460610381535793700358283331298
                      0.010641244722924271884356706152630
                     -0.003283621637450149545467414924360
                      0.180961232571858088302718670092872
                      0.000000000000000000000000000000000
                      0.000000000000000000000000000000000
                      0.094659141844316174729812018995290
                      0.138617542874656496376672976111877
                     -0.118172709566142924986209550297644
                     -0.066801508827819572333694964072492
                      0.000000000000000000000000000000000
                      0.000000000000000000000000000000000
                7000000.000000000000000000000000000000011
                7000000.000000000000000000000000000000011
                7000000.000000000000000000000000000000011
                     -0.004056823738315338753745997735223
                      0.017975456856916382369915297090301
                      0.059185002928194473115208751323735
                      0.100511195213412327098545517856110
                      0.000000000000000000000000000000000
                      0.000000000000000000000000000000000
                9291970.650223061442375183105468750000015
          ***********************************************
               41449281.658496722579002380371093749999957
          ***********************************************
                      0.000000000000000000000000000000000
                      0.000000000000000000000000000000000
                7000000.000000000000000000000000000000011
                7000000.000000000000000000000000000000011
                7000000.000000000000000000000000000000011
                      0.068903545850640873782211315301538
                      0.128444680490501617065035588893807
                     -0.002694069047914034176205433368523
                      0.213724920084000458153639101510635
                      0.000000000000000000000000000000000
                      0.000000000000000000000000000000000
                     -0.005608682647892099595865467165368
                      0.023775420396466732941842536774857
                      0.066578887346521176127112084941473
                      0.110509377877779202403729641446262
                      0.000000000000000000000000000000000
                      0.000000000000000000000000000000000
                7000000.000000000000000000000000000000011
                7000000.000000000000000000000000000000011
                7000000.000000000000000000000000000000011
          ***********************************************
          ***********************************************
          ***********************************************
          ***********************************************
                      0.000000000000000000000000000000000
                      0.000000000000000000000000000000000
                      0.011494294363424467989021060532195
                     -0.050195848001476521538233299679632
                     -0.095469816277721442077108804369345
                      0.088102233878354141438649094197899
                      0.000000000000000000000000000000000
                      0.000000000000000000000000000000000
                7000000.000000000000000000000000000000011
                7000000.000000000000000000000000000000011
                7000000.000000000000000000000000000000011
                      0.072931463929237091980972707006003
                      0.205160966248291637414880028700281
                      0.171710605910264213491700502345338
                      0.074775064370483590447946653512190
                      0.000000000000000000000000000000000
                      0.000000000000000000000000000000000
                      0.005005717556309218115029313622699
                      0.056083772411228527410287370003061
                      0.017319038134056566335949867152522
                      0.201260948004636203156891838261799
                      0.000000000000000000000000000000000
                      0.000000000000000000000000000000000
                7000000.000000000000000000000000000000011
                7000000.000000000000000000000000000000011
                7000000.000000000000000000000000000000011
                      0.039934468534226857938662647029560
                     -0.140192878442134433170096485810063
                      0.032493290210533959383454316593998
                      0.006795146833931720725674452410203
                      0.000000000000000000000000000000000
                      0.000000000000000000000000000000000
                      0.079172268880741997199024240217113
                     -0.006939016406093173952585040353824
                     -0.027758092399714995313075860394747
                      0.457222940290841317612091643241001
                      0.000000000000000000000000000000000
                      0.000000000000000000000000000000000
                7000000.000000000000000000000000000000011
                7000000.000000000000000000000000000000011
                7000000.000000000000000000000000000000011
                     -0.088618953337648770363088601698109
                     -0.126035254211254998946145633453852
                      0.101213257813025245268612195559399
                      0.206092537726071722836707067472162
                      0.000000000000000000000000000000000
                      0.000000000000000000000000000000000
                      0.012922219470998808077411013073288
                     -0.036749287374956494944822082970859
                     -0.010073786628362274911396845311629
                     -0.009277942085051692211461471515577
                      0.000000000000000000000000000000000
                      0.000000000000000000000000000000000
                7000000.000000000000000000000000000000011
                7000000.000000000000000000000000000000011
                7000000.000000000000000000000000000000011
                      0.054941588617478921696690719045364
                      0.026910872996957865832534650962771
                     -0.087752516046549600137183233528049
                      0.010225569696671864619585967659532
                      0.000000000000000000000000000000000
                      0.000000000000000000000000000000000
                      0.046318972855118559217579843334534
                      0.043404997190598690326446273957117
                     -0.110202336383014465326368735986762
                      0.095524476212426281951373141509976
                      0.000000000000000000000000000000000
                      0.000000000000000000000000000000000
                7000000.000000000000000000000000000000011
                7000000.000000000000000000000000000000011
                7000000.000000000000000000000000000000011
          ***********************************************
          ***********************************************
          ***********************************************
          ***********************************************
                      0.000000000000000000000000000000000
                      0.000000000000000000000000000000000
                      0.058165577978043524198792368906652
                      0.089660766976758829449600796124287
                      0.080874761781193335585804504717089
                     -0.093050458056183005250971973509877
                      0.000000000000000000000000000000000
                      0.000000000000000000000000000000000
                7000000.000000000000000000000000000000011
                7000000.000000000000000000000000000000011
                7000000.000000000000000000000000000000011
                     -0.133153662032217706689962710697728
                     -0.019437323880830054134705164869956
                     -0.025491884620488958201889317933819
                      0.281574202805755513523422450816724
                      0.000000000000000000000000000000000
                      0.000000000000000000000000000000000
          ***********************************************
          ***********************************************
          ***********************************************
          ***********************************************
                      0.000000000000000000000000000000000
                      0.000000000000000000000000000000000
                7000000.000000000000000000000000000000011
                7000000.000000000000000000000000000000011
                7000000.000000000000000000000000000000011
                     -0.009992878474474397448856777259607
                      0.112488559990475175953683617535717
                      0.012710198245978238454356734621342
                      0.193515494657569842029687379181269
                      0.000000000000000000000000000000000
                      0.000000000000000000000000000000000
                      0.141001384585764083512415822951880
                     -0.001259605465892287869122956323054
                     -0.085008519373425794896093066199683
                      0.134953406645198836777410633658292
                      0.000000000000000000000000000000000
                      0.000000000000000000000000000000000
                7000000.000000000000000000000000000000011
                7000000.000000000000000000000000000000011
                7000000.000000000000000000000000000000011
                     -0.007677861207115543699941451194491
                     -0.255219960935767431475795774531434
                      0.052758897630348897123120366359217
                      0.020584924455381296143352543026595
                      0.000000000000000000000000000000000
                      0.000000000000000000000000000000000
                      0.087523739990925136789101657086576
                     -0.064926605309534618504230252256093
                      0.005015485323005600647172652628569
                      0.084815646953837711685686429063935
                      0.000000000000000000000000000000000
                      0.000000000000000000000000000000000
                7000000.000000000000000000000000000000011
                7000000.000000000000000000000000000000011
                7000000.000000000000000000000000000000011
                      0.047227346401404447784333484605668
                      0.252395221956105086924537772574695
                      0.175236854192396152019028932045330
                      0.186050969627758883140344892126450
                      0.000000000000000000000000000000000
                      0.000000000000000000000000000000000
                      0.034001545054111154131604166650504
                     -0.044165232426222736372700694573723
                     -0.006473586974150081704837411678000
                      0.032269134595800948173138777974600
                      0.000000000000000000000000000000000
                      0.000000000000000000000000000000000
                7000000.000000000000000000000000000000011
                7000000.000000000000000000000000000000011
                7000000.000000000000000000000000000000011
                     -0.049934916712271598671080141684797
                      0.216918612167656621458888821507571
                      0.093594339690331443404325284518563
                      0.281606961749526485405681341944728
                      0.000000000000000000000000000000000
                      0.000000000000000000000000000000000
                      0.039000300709497136286696417073472
                      0.079729800650999882449809774698224
                     -0.000448297217134314713443687949734
                      0.172678167243024233146186929843680
                      0.000000000000000000000000000000000
                      0.000000000000000000000000000000000
                7000000.000000000000000000000000000000011
                7000000.000000000000000000000000000000011
                7000000.000000000000000000000000000000011
                     -0.026875956193411813799354348475390
                      0.047457399014912936274779298173598
                     -0.005754016150813287024112785417174
                      0.294818142376855496511467435993836
                      0.000000000000000000000000000000000
                      0.000000000000000000000000000000000
                 -10528.946877504809890524484217166900635
                  -6085.394314481083711143583059310913086
                  -6041.913092938159024924971163272857666
                  -3595.142154719866084633395075798034668
                      0.000000000000000000000000000000000
                      0.000000000000000000000000000000000
                7000000.000000000000000000000000000000011
                7000000.000000000000000000000000000000011
                7000000.000000000000000000000000000000011
                 -11958.062591974619863322004675865173340
                  -5217.366711359371038270182907581329346
                   4464.616529095897021761629730463027954
                   2024.912592873945641258615069091320038
                      0.000000000000000000000000000000000
                      0.000000000000000000000000000000000
                 -65664.155389775565708987414836883544922
                 -96426.338981687309569679200649261474609
                -415107.716627502988558262586593627929688
                -609824.460814945981837809085845947265626
                      0.000000000000000000000000000000000
                      0.000000000000000000000000000000000
                7000000.000000000000000000000000000000011
                7000000.000000000000000000000000000000011
                7000000.000000000000000000000000000000011
                      0.079195609506285652434698363322241
                     -0.013568904664760621237018511919814
                     -0.041328170857425919337835296119010
                      0.216158279609909520502242230577394
                      0.000000000000000000000000000000000
                      0.000000000000000000000000000000000
                      0.112389802470613198170923396901344
                      0.126553185499516079870474527524493
                     -0.053688566617819920290255453210193
                     -0.018483121772076283040320276995772
                      0.000000000000000000000000000000000
                      0.000000000000000000000000000000000
                7000000.000000000000000000000000000000011
                7000000.000000000000000000000000000000011
                7000000.000000000000000000000000000000011
                     -0.008187807708257215100200454571677
                     -0.018351661531741447763721453156904
                     -0.070561862473899436554169994906260
                      0.018855230262025381160473358477248
                      0.000000000000000000000000000000000
                      0.000000000000000000000000000000000
                     -0.079360585342147821341640678838303
                      0.109897216222540505814464495415450
                     -0.167826632672062048268202261169790
                      0.025542403700439319375048441429499
                      0.000000000000000000000000000000000
                      0.000000000000000000000000000000000
                7000000.000000000000000000000000000000011
                7000000.000000000000000000000000000000011
                7000000.000000000000000000000000000000011
                     -0.003806991502782507055119287642242
                      0.043382970653287847295764834143483
                     -0.044295071616789034874006603104135
                      0.079906943873749650131266264452279
                      0.000000000000000000000000000000000
                      0.000000000000000000000000000000000
                     -0.035611736318766989972672831754608
                      0.211412454142038186422070111802896
                     -0.106677347845403114323659110596054
                      0.078166511785373496423723338466516
                      0.000000000000000000000000000000000
                      0.000000000000000000000000000000000
                7000000.000000000000000000000000000000011
                7000000.000000000000000000000000000000011
                7000000.000000000000000000000000000000011
                      0.032849222826256081753104609788352
                      0.072437203436165817360681273839873
                      0.135340694593807153722764269332401
                     -0.152059441291714642074950347705453
                      0.000000000000000000000000000000000
                      0.000000000000000000000000000000000
                     -0.035562572450654673927861182392007
                     -0.280888212004382742392749605642166
                      0.191543213993625227598016635965905
                      0.125462626818722638999403784509923
                      0.000000000000000000000000000000000
                      0.000000000000000000000000000000000
                7000000.000000000000000000000000000000011
                7000000.000000000000000000000000000000011
                7000000.000000000000000000000000000000011
                      0.097693933511099811939359938151028
                     -0.067389433916109769961977349339577
                      0.004543600462184639587892576173545
                     -0.042096649604910663100554302218370
                      0.000000000000000000000000000000000
                      0.000000000000000000000000000000000
                     -0.045021995429690903067765361811325
                      0.165957673881432676843417084455723
                     -0.031495885568049455938144376432319
                      0.415695855025214056066573675707332
                      0.000000000000000000000000000000000
                      0.000000000000000000000000000000000
                7000000.000000000000000000000000000000011
                7000000.000000000000000000000000000000011
                7000000.000000000000000000000000000000011
                 379062.621349419874604791402816772460938
                 326152.463726651156321167945861816406250
                -886236.474715823424048721790313720703126
                -762696.813453278620727360248565673828126
                      0.000000000000000000000000000000000
                      0.000000000000000000000000000000000
                      0.008119007767885225157478146229550
                     -0.026663823857641395093098779511820
                     -0.038328196541642954586759373114546
                      0.099136853985781342446514941002533
                      0.000000000000000000000000000000000
                      0.000000000000000000000000000000000
                7000000.000000000000000000000000000000011
                7000000.000000000000000000000000000000011
                7000000.000000000000000000000000000000011
                      0.032962105031819476097521004476221
                     -0.057191037451040725725359692432903
                     -0.032666950100822655933541227568639
                      0.393466219271653705469304895814275
                      0.000000000000000000000000000000000
                      0.000000000000000000000000000000000
          ***********************************************
          ***********************************************
          ***********************************************
          ***********************************************
                      0.000000000000000000000000000000000
                      0.000000000000000000000000000000000
                7000000.000000000000000000000000000000011
                7000000.000000000000000000000000000000011
                7000000.000000000000000000000000000000011
                      0.016477096482983639297303923854088
                      0.127433454553880082249506244806980
                      0.024737364031439591782746134640547
                      0.398462637161544730446394169121049
                      0.000000000000000000000000000000000
                      0.000000000000000000000000000000000
                     -0.008343452594837808683481128468884
                     -0.262787127551556698445978099698550
                      0.074330231818724973313905479699315
                      0.307949319151101574831841389823239
                      0.000000000000000000000000000000000
                      0.000000000000000000000000000000000
                7000000.000000000000000000000000000000011
                7000000.000000000000000000000000000000011
                7000000.000000000000000000000000000000011
                      0.086058348518702407203839754856745
                     -0.056573841596227088246440217744748
                      0.016498759169264898966078547459801
                      0.156831714283201362203357120961300
                      0.000000000000000000000000000000000
                      0.000000000000000000000000000000000
                     -0.002351858399047899398498495671106
                      0.025666866811797209302348221626744
                      0.021217274385621005122759541450250
                      0.110068012086321345699424512076803
                      0.000000000000000000000000000000000
                      0.000000000000000000000000000000000
                7000000.000000000000000000000000000000011
                7000000.000000000000000000000000000000011
                7000000.000000000000000000000000000000011
                      0.005445814482038479655001683710225
                     -0.023860345614725761431706985149503
                      0.050875748626274336361419159402431
                      0.155486862547961762759385351273522
                      0.000000000000000000000000000000000
                      0.000000000000000000000000000000000
                     -0.078376671482688897718560383509612
                      0.134810369093077336843933267118700
                      0.002403059395329014240327847318213
                     -0.197765852295791827453186328966694
                      0.000000000000000000000000000000000
                      0.000000000000000000000000000000000
                7000000.000000000000000000000000000000011
                7000000.000000000000000000000000000000011
                7000000.000000000000000000000000000000011
                  -3553.594540247000622912310063838958740
          ***********************************************
                  -2490.695432645929486170643940567970276
          ***********************************************
                      0.000000000000000000000000000000000
                      0.000000000000000000000000000000000
                      0.114138661860420556615203224737343
                     -0.028345464755560517700061495816044
                      0.026219431581938488357019778618451
                      0.340223208939084975632738405693090
                      0.000000000000000000000000000000000
                      0.000000000000000000000000000000000
                7000000.000000000000000000000000000000011
                7000000.000000000000000000000000000000011
                7000000.000000000000000000000000000000011
                     -0.114105209905256549385299535970262
                     -0.168936342695117952539263228572963
                      0.046814357520608453067101351052770
                      0.193675204617691720798688947979826
                      0.000000000000000000000000000000000
                      0.000000000000000000000000000000000
          ***********************************************
          ***********************************************
          ***********************************************
          ***********************************************
                      0.000000000000000000000000000000000
                      0.000000000000000000000000000000000
                7000000.000000000000000000000000000000011
                7000000.000000000000000000000000000000011
                7000000.000000000000000000000000000000011
                      0.005693564640667476452196016367679
                      0.008697530669564811772742629614186
                     -0.046578983803464445168085461546070
                      0.210371007282931093973488145820738
                      0.000000000000000000000000000000000
                      0.000000000000000000000000000000000
                   -215.018213562689425089047290384769440
                    -97.317192890606932564878661651164293
                  -2828.177929123385183629579842090606689
                   -914.787243424357484400388784706592560
                      0.000000000000000000000000000000000
                      0.000000000000000000000000000000000
                7000000.000000000000000000000000000000011
                7000000.000000000000000000000000000000011
                7000000.000000000000000000000000000000011
                     -0.007705889295710811361106440386948
                     -0.026602532453141328194767822878930
                     -0.006323057108238092083318804270675
                      0.150550328590778631498992012893723
                      0.000000000000000000000000000000000
                      0.000000000000000000000000000000000
                      0.013380364571173588086883121661685
                      0.025586202961934492727813506007806
                      0.153663201464220133818372460154933
                      0.219856840324023222743576866378135
                      0.000000000000000000000000000000000
                      0.000000000000000000000000000000000
                7000000.000000000000000000000000000000011
                7000000.000000000000000000000000000000011
                7000000.000000000000000000000000000000011
                     -0.005460610381535793700358283331298
                      0.010641244722924271884356706152630
                     -0.003283621637450149545467414924360
                      0.180961232571858088302718670092872
                      0.000000000000000000000000000000000
                      0.000000000000000000000000000000000
                      0.094659141844316174729812018995290
                      0.138617542874656496376672976111877
                     -0.118172709566142924986209550297644
                     -0.066801508827819572333694964072492
                      0.000000000000000000000000000000000
                      0.000000000000000000000000000000000
                7000000.000000000000000000000000000000011
                7000000.000000000000000000000000000000011
                7000000.000000000000000000000000000000011
                     -0.004056823738315338753745997735223
                      0.017975456856916382369915297090301
                      0.059185002928194473115208751323735
                      0.100511195213412327098545517856110
                      0.000000000000000000000000000000000
                      0.000000000000000000000000000000000
                9291970.650223061442375183105468750000015
          ***********************************************
               41449281.658496722579002380371093749999957
          ***********************************************
                      0.000000000000000000000000000000000
                      0.000000000000000000000000000000000
                7000000.000000000000000000000000000000011
                7000000.000000000000000000000000000000011
                7000000.000000000000000000000000000000011
                      0.068903545850640873782211315301538
                      0.128444680490501617065035588893807
                     -0.002694069047914034176205433368523
                      0.213724920084000458153639101510635
                      0.000000000000000000000000000000000
                      0.000000000000000000000000000000000
                     -0.005608682647892099595865467165368
                      0.023775420396466732941842536774857
                      0.066578887346521176127112084941473
                      0.110509377877779202403729641446262
                      0.000000000000000000000000000000000
                      0.000000000000000000000000000000000
                7000000.000000000000000000000000000000011
                7000000.000000000000000000000000000000011
                7000000.000000000000000000000000000000011
          ***********************************************
          ***********************************************
          ***********************************************
          ***********************************************
                      0.000000000000000000000000000000000
                      0.000000000000000000000000000000000
                      0.011494294363424467989021060532195
                     -0.050195848001476521538233299679632
                     -0.095469816277721442077108804369345
                      0.088102233878354141438649094197899
                      0.000000000000000000000000000000000
                      0.000000000000000000000000000000000
                7000000.000000000000000000000000000000011
                7000000.000000000000000000000000000000011
                7000000.000000000000000000000000000000011
                      0.072931463929237091980972707006003
                      0.205160966248291637414880028700281
                      0.171710605910264213491700502345338
                      0.074775064370483590447946653512190
                      0.000000000000000000000000000000000
                      0.000000000000000000000000000000000
                      0.005005717556309218115029313622699
                      0.056083772411228527410287370003061
                      0.017319038134056566335949867152522
                      0.201260948004636203156891838261799
                      0.000000000000000000000000000000000
                      0.000000000000000000000000000000000
                7000000.000000000000000000000000000000011
                7000000.000000000000000000000000000000011
                7000000.000000000000000000000000000000011
                      0.039934468534226857938662647029560
                     -0.140192878442134433170096485810063
                      0.032493290210533959383454316593998
                      0.006795146833931720725674452410203
                      0.000000000000000000000000000000000
                      0.000000000000000000000000000000000
                      0.079172268880741997199024240217113
                     -0.006939016406093173952585040353824
                     -0.027758092399714995313075860394747
                      0.457222940290841317612091643241001
                      0.000000000000000000000000000000000
                      0.000000000000000000000000000000000
                7000000.000000000000000000000000000000011
                7000000.000000000000000000000000000000011
                7000000.000000000000000000000000000000011
                     -0.088618953337648770363088601698109
                     -0.126035254211254998946145633453852
                      0.101213257813025245268612195559399
                      0.206092537726071722836707067472162
                      0.000000000000000000000000000000000
                      0.000000000000000000000000000000000
                      0.012922219470998808077411013073288
                     -0.036749287374956494944822082970859
                     -0.010073786628362274911396845311629
                     -0.009277942085051692211461471515577
                      0.000000000000000000000000000000000
                      0.000000000000000000000000000000000
                7000000.000000000000000000000000000000011
                7000000.000000000000000000000000000000011
                7000000.000000000000000000000000000000011
                      0.054941588617478921696690719045364
                      0.026910872996957865832534650962771
                     -0.087752516046549600137183233528049
                      0.010225569696671864619585967659532
                      0.000000000000000000000000000000000
                      0.000000000000000000000000000000000
                      0.046318972855118559217579843334534
                      0.043404997190598690326446273957117
                     -0.110202336383014465326368735986762
                      0.095524476212426281951373141509976
                      0.000000000000000000000000000000000
                      0.000000000000000000000000000000000
                7000000.000000000000000000000000000000011
                7000000.000000000000000000000000000000011
                7000000.000000000000000000000000000000011
          ***********************************************
          ***********************************************
          ***********************************************
          ***********************************************
                      0.000000000000000000000000000000000
                      0.000000000000000000000000000000000
                      0.058165577978043524198792368906652
                      0.089660766976758829449600796124287
                      0.080874761781193335585804504717089
                     -0.093050458056183005250971973509877
                      0.000000000000000000000000000000000
                      0.000000000000000000000000000000000
                7000000.000000000000000000000000000000011
                7000000.000000000000000000000000000000011
                7000000.000000000000000000000000000000011
                     -0.133153662032217706689962710697728
                     -0.019437323880830054134705164869956
                     -0.025491884620488958201889317933819
                      0.281574202805755513523422450816724
                      0.000000000000000000000000000000000
                      0.000000000000000000000000000000000
          ***********************************************
          ***********************************************
          ***********************************************
          ***********************************************
                      0.000000000000000000000000000000000
                      0.000000000000000000000000000000000
                7000000.000000000000000000000000000000011
                7000000.000000000000000000000000000000011
                7000000.000000000000000000000000000000011
                     -0.009992878474474397448856777259607
                      0.112488559990475175953683617535717
                      0.012710198245978238454356734621342
                      0.193515494657569842029687379181269
                      0.000000000000000000000000000000000
                      0.000000000000000000000000000000000
                      0.141001384585764083512415822951880
                     -0.001259605465892287869122956323054
                     -0.085008519373425794896093066199683
                      0.134953406645198836777410633658292
                      0.000000000000000000000000000000000
                      0.000000000000000000000000000000000
                7000000.000000000000000000000000000000011
                7000000.000000000000000000000000000000011
                7000000.000000000000000000000000000000011
                     -0.007677861207115543699941451194491
                     -0.255219960935767431475795774531434
                      0.052758897630348897123120366359217
                      0.020584924455381296143352543026595
                      0.000000000000000000000000000000000
                      0.000000000000000000000000000000000
                      0.087523739990925136789101657086576
                     -0.064926605309534618504230252256093
                      0.005015485323005600647172652628569
                      0.084815646953837711685686429063935
                      0.000000000000000000000000000000000
                      0.000000000000000000000000000000000
                7000000.000000000000000000000000000000011
                7000000.000000000000000000000000000000011
                7000000.000000000000000000000000000000011
                      0.047227346401404447784333484605668
                      0.252395221956105086924537772574695
                      0.175236854192396152019028932045330
                      0.186050969627758883140344892126450
                      0.000000000000000000000000000000000
                      0.000000000000000000000000000000000
                      0.034001545054111154131604166650504
                     -0.044165232426222736372700694573723
                     -0.006473586974150081704837411678000
                      0.032269134595800948173138777974600
                      0.000000000000000000000000000000000
                      0.000000000000000000000000000000000
                7000000.000000000000000000000000000000011
                7000000.000000000000000000000000000000011
                7000000.000000000000000000000000000000011
                     -0.049934916712271598671080141684797
                      0.216918612167656621458888821507571
                      0.093594339690331443404325284518563
                      0.281606961749526485405681341944728
                      0.000000000000000000000000000000000
                      0.000000000000000000000000000000000
                      0.039000300709497136286696417073472
                      0.079729800650999882449809774698224
                     -0.000448297217134314713443687949734
                      0.172678167243024233146186929843680
                      0.000000000000000000000000000000000
                      0.000000000000000000000000000000000
                7000000.000000000000000000000000000000011
                7000000.000000000000000000000000000000011
                7000000.000000000000000000000000000000011
                     -0.026875956193411813799354348475390
                      0.047457399014912936274779298173598
                     -0.005754016150813287024112785417174
                      0.294818142376855496511467435993836
                      0.000000000000000000000000000000000
                      0.000000000000000000000000000000000
                 -10528.946877504809890524484217166900635
                  -6085.394314481083711143583059310913086
                  -6041.913092938159024924971163272857666
                  -3595.142154719866084633395075798034668
                      0.000000000000000000000000000000000
                      0.000000000000000000000000000000000
                7000000.000000000000000000000000000000011
                7000000.000000000000000000000000000000011
                7000000.000000000000000000000000000000011
                 -11958.062591974619863322004675865173340
                  -5217.366711359371038270182907581329346
                   4464.616529095897021761629730463027954
                   2024.912592873945641258615069091320038
                      0.000000000000000000000000000000000
                      0.000000000000000000000000000000000
                 -65664.155389775565708987414836883544922
                 -96426.338981687309569679200649261474609
                -415107.716627502988558262586593627929688
                -609824.460814945981837809085845947265626
                      0.000000000000000000000000000000000
                      0.000000000000000000000000000000000
                7000000.000000000000000000000000000000011
                7000000.000000000000000000000000000000011
                7000000.000000000000000000000000000000011
                      0.079195609506285652434698363322241
                     -0.013568904664760621237018511919814
                     -0.041328170857425919337835296119010
                      0.216158279609909520502242230577394
                      0.000000000000000000000000000000000
                      0.000000000000000000000000000000000
                      0.112389802470613198170923396901344
                      0.126553185499516079870474527524493
                     -0.053688566617819920290255453210193
                     -0.018483121772076283040320276995772
                      0.000000000000000000000000000000000
                      0.000000000000000000000000000000000
                7000000.000000000000000000000000000000011
                7000000.000000000000000000000000000000011
                7000000.000000000000000000000000000000011
                     -0.008187807708257215100200454571677
                     -0.018351661531741447763721453156904
                     -0.070561862473899436554169994906260
                      0.018855230262025381160473358477248
                      0.000000000000000000000000000000000
                      0.000000000000000000000000000000000
                     -0.079360585342147821341640678838303
                      0.109897216222540505814464495415450
                     -0.167826632672062048268202261169790
                      0.025542403700439319375048441429499
                      0.000000000000000000000000000000000
                      0.000000000000000000000000000000000
                7000000.000000000000000000000000000000011
                7000000.000000000000000000000000000000011
                7000000.000000000000000000000000000000011
                     -0.003806991502782507055119287642242
                      0.043382970653287847295764834143483
                     -0.044295071616789034874006603104135
                      0.079906943873749650131266264452279
                      0.000000000000000000000000000000000
                      0.000000000000000000000000000000000
                     -0.035611736318766989972672831754608
                      0.211412454142038186422070111802896
                     -0.106677347845403114323659110596054
                      0.078166511785373496423723338466516
                      0.000000000000000000000000000000000
                      0.000000000000000000000000000000000
                7000000.000000000000000000000000000000011
                7000000.000000000000000000000000000000011
                7000000.000000000000000000000000000000011
                      0.032849222826256081753104609788352
                      0.072437203436165817360681273839873
                      0.135340694593807153722764269332401
                     -0.152059441291714642074950347705453
                      0.000000000000000000000000000000000
                      0.000000000000000000000000000000000
                     -0.035562572450654673927861182392007
                     -0.280888212004382742392749605642166
                      0.191543213993625227598016635965905
                      0.125462626818722638999403784509923
                      0.000000000000000000000000000000000
                      0.000000000000000000000000000000000
                7000000.000000000000000000000000000000011
                7000000.000000000000000000000000000000011
                7000000.000000000000000000000000000000011
                      0.097693933511099811939359938151028
                     -0.067389433916109769961977349339577
                      0.004543600462184639587892576173545
                     -0.042096649604910663100554302218370
                      0.000000000000000000000000000000000
                      0.000000000000000000000000000000000
                     -0.045021995429690903067765361811325
                      0.165957673881432676843417084455723
                     -0.031495885568049455938144376432319
                      0.415695855025214056066573675707332
                      0.000000000000000000000000000000000
                      0.000000000000000000000000000000000
                7000000.000000000000000000000000000000011
                7000000.000000000000000000000000000000011
                7000000.000000000000000000000000000000011
                 379062.621349419874604791402816772460938
                 326152.463726651156321167945861816406250
                -886236.474715823424048721790313720703126
                -762696.813453278620727360248565673828126
                      0.000000000000000000000000000000000
                      0.000000000000000000000000000000000
                      0.008119007767885225157478146229550
                     -0.026663823857641395093098779511820
                     -0.038328196541642954586759373114546
                      0.099136853985781342446514941002533
                      0.000000000000000000000000000000000
                      0.000000000000000000000000000000000
                7000000.000000000000000000000000000000011
                7000000.000000000000000000000000000000011
                7000000.000000000000000000000000000000011
                      0.032962105031819476097521004476221
                     -0.057191037451040725725359692432903
                     -0.032666950100822655933541227568639
                      0.393466219271653705469304895814275
                      0.000000000000000000000000000000000
                      0.000000000000000000000000000000000
          ***********************************************
          ***********************************************
          ***********************************************
          ***********************************************
                      0.000000000000000000000000000000000
                      0.000000000000000000000000000000000
                7000000.000000000000000000000000000000011
                7000000.000000000000000000000000000000011
                7000000.000000000000000000000000000000011
                      0.016477096482983639297303923854088
                      0.127433454553880082249506244806980
                      0.024737364031439591782746134640547
                      0.398462637161544730446394169121049
                      0.000000000000000000000000000000000
                      0.000000000000000000000000000000000
                     -0.008343452594837808683481128468884
                     -0.262787127551556698445978099698550
                      0.074330231818724973313905479699315
                      0.307949319151101574831841389823239
                      0.000000000000000000000000000000000
                      0.000000000000000000000000000000000
                7000000.000000000000000000000000000000011
                7000000.000000000000000000000000000000011
                7000000.000000000000000000000000000000011
