 60.000000  0.121563
 60.015625  0.090026
 60.031250  0.166928
 60.046875  0.264224
 60.062500  0.182243
 60.078125  0.077889
 60.093750  0.035028
 60.109375  0.273392
 60.125000  0.159717
 60.140625  0.195975
 60.156250  0.205626
 60.171875  0.279807
 60.187500  0.278101
 60.203125  0.407793
 60.218750  0.357267
 60.234375  0.190027
 60.250000  0.638025
 60.265625  0.543622
 60.281250  0.758553
 60.296875  0.101377
 60.312500  0.231889
 60.328125  0.682153
 60.343750  0.406109
 60.359375  1.000000
 60.375000  0.286127
 60.390625  0.175065
 60.406250  0.238900
 60.421875  0.931494
 60.437500  0.683810
 60.453125  0.838179
 60.468750  0.123466
 60.484375  0.470004
