            0.036884820157694071796061763279795
            0.000001249918361000000101187741922
            0.213914347873597116000965456805716
            0.142516265800000013763693118562514
            0.000000000000000000000000000000000
            0.000000000000000000000000000000000
           -0.118827050023926794608541968045756
            0.000001249918361000000101187741922
            0.168917963059050907359548432395968
            0.142516265800000013763693118562514
            0.000000000000000000000000000000000
            0.000000000000000000000000000000000
      7000000.000000000000000000000000000000000
      7000000.000000000000000000000000000000000
      7000000.000000000000000000000000000000000
            0.222865594600629823851534183631884
            0.000001249918361000000101187741922
           -0.041798267720862064544817826572398
            0.142516265800000013763693118562514
            0.000000000000000000000000000000000
            0.000000000000000000000000000000000
            0.062582543881351745951313603200106
            0.000001249918361000000101187741922
            0.066478239540914321747955284536147
            0.142516265800000013763693118562514
            0.000000000000000000000000000000000
            0.000000000000000000000000000000000
      7000000.000000000000000000000000000000000
      7000000.000000000000000000000000000000000
      7000000.000000000000000000000000000000000
           -0.077382674033098688970433443046204
            0.000001249918361000000101187741922
            0.099051518096052448836275061694323
            0.142516265800000013763693118562514
            0.000000000000000000000000000000000
            0.000000000000000000000000000000000
           -0.133025213279463205839903139349190
            0.000001249918361000000101187741922
           -0.126753504097765923308571700545144
            0.142516265800000013763693118562514
            0.000000000000000000000000000000000
            0.000000000000000000000000000000000
      7000000.000000000000000000000000000000000
      7000000.000000000000000000000000000000000
      7000000.000000000000000000000000000000000
            0.033632337042959953299359199263563
            0.000001249918361000000101187741922
            0.003961414584736377281215524703839
            0.142516265800000013763693118562514
            0.000000000000000000000000000000000
            0.000000000000000000000000000000000
           -0.146205117203865392339068307592242
            0.000001249918361000000101187741922
           -0.055279195078260304208050968099997
            0.142516265800000013763693118562514
            0.000000000000000000000000000000000
            0.000000000000000000000000000000000
      7000000.000000000000000000000000000000000
      7000000.000000000000000000000000000000000
      7000000.000000000000000000000000000000000
           -0.193136508324012218240639526811719
            0.000001249918361000000101187741922
           -0.064783105071127028429245342522336
            0.142516265800000013763693118562514
            0.000000000000000000000000000000000
            0.000000000000000000000000000000000
           -0.005566006872004147787436068028910
            0.000001249918361000000101187741922
            0.076291062993820990545401627969113
            0.142516265800000013763693118562514
            0.000000000000000000000000000000000
            0.000000000000000000000000000000000
      7000000.000000000000000000000000000000000
      7000000.000000000000000000000000000000000
      7000000.000000000000000000000000000000000
           -0.018921415286842147712720318963875
            0.000001249918361000000101187741922
            0.137056852720224248143310319392185
            0.142516265800000013763693118562514
            0.000000000000000000000000000000000
            0.000000000000000000000000000000000
            0.038654551228984646016328952100594
            0.000001249918361000000101187741922
           -0.031198292162067511185119528249743
            0.142516265800000013763693118562514
            0.000000000000000000000000000000000
            0.000000000000000000000000000000000
      7000000.000000000000000000000000000000000
      7000000.000000000000000000000000000000000
      7000000.000000000000000000000000000000000
            0.076267647533414903437964937893412
            0.000001249918361000000101187741922
           -0.033372111746218770245153706355268
            0.142516265800000013763693118562514
            0.000000000000000000000000000000000
            0.000000000000000000000000000000000
           -0.017467335819262637397475401712654
            0.000001249918361000000101187741922
            0.056998239320303366317599369494928
            0.142516265800000013763693118562514
            0.000000000000000000000000000000000
            0.000000000000000000000000000000000
      7000000.000000000000000000000000000000000
      7000000.000000000000000000000000000000000
      7000000.000000000000000000000000000000000
            0.127050775784554564884487604103924
            0.000001249918361000000101187741922
            0.016451902354698171027092001850178
            0.142516265800000013763693118562514
            0.000000000000000000000000000000000
            0.000000000000000000000000000000000
            0.033999942414975954652067713368524
            0.000001249918361000000101187741922
           -0.149648629506964975233174186541873
            0.142516265800000013763693118562514
            0.000000000000000000000000000000000
            0.000000000000000000000000000000000
      7000000.000000000000000000000000000000000
      7000000.000000000000000000000000000000000
      7000000.000000000000000000000000000000000
            0.051125034422807566492075181940891
            0.000001249918361000000101187741922
            0.180560511564229836389827710263489
            0.142516265800000013763693118562514
            0.000000000000000000000000000000000
            0.000000000000000000000000000000000
            0.098633344621682786379501806095504
            0.000001249918361000000101187741922
           -0.157245053700634934701341194340785
            0.142516265800000013763693118562514
            0.000000000000000000000000000000000
            0.000000000000000000000000000000000
      7000000.000000000000000000000000000000000
      7000000.000000000000000000000000000000000
      7000000.000000000000000000000000000000000
            0.000872007962631015320041638627657
            0.000001249918361000000101187741922
            0.224662832173241483468828505465353
            0.142516265800000013763693118562514
            0.000000000000000000000000000000000
            0.000000000000000000000000000000000
           -0.108202528564463149041152689733281
            0.000001249918361000000101187741922
            0.098575919258791860899648895610881
            0.142516265800000013763693118562514
            0.000000000000000000000000000000000
            0.000000000000000000000000000000000
      7000000.000000000000000000000000000000000
      7000000.000000000000000000000000000000000
      7000000.000000000000000000000000000000000
           -0.097352279413996226087313345942675
            0.000001249918361000000101187741922
           -0.162296530154147272684284075694450
            0.142516265800000013763693118562514
            0.000000000000000000000000000000000
            0.000000000000000000000000000000000
           -0.155099320561895515080408358699060
            0.000001249918361000000101187741922
            0.042489037520811435977297065846869
            0.142516265800000013763693118562514
            0.000000000000000000000000000000000
            0.000000000000000000000000000000000
      7000000.000000000000000000000000000000000
      7000000.000000000000000000000000000000000
      7000000.000000000000000000000000000000000
            0.005032720729465505436761585400518
            0.000001249918361000000101187741922
           -0.043893656902172381584215088423662
            0.142516265800000013763693118562514
            0.000000000000000000000000000000000
            0.000000000000000000000000000000000
            0.148007017527588075056499405945942
            0.000001249918361000000101187741922
            0.065437734950829537505789801343781
            0.142516265800000013763693118562514
            0.000000000000000000000000000000000
            0.000000000000000000000000000000000
      7000000.000000000000000000000000000000000
      7000000.000000000000000000000000000000000
      7000000.000000000000000000000000000000000
            0.161996349833690989061807385951397
            0.000001249918361000000101187741922
           -0.105008829655048541162898345646681
            0.142516265800000013763693118562514
            0.000000000000000000000000000000000
            0.000000000000000000000000000000000
           -0.106517696020121399591573663201416
            0.000001249918361000000101187741922
           -0.057013902975740667067316991278858
            0.142516265800000013763693118562514
            0.000000000000000000000000000000000
            0.000000000000000000000000000000000
      7000000.000000000000000000000000000000000
      7000000.000000000000000000000000000000000
      7000000.000000000000000000000000000000000
           -0.018228034976584556875467413306069
            0.000001249918361000000101187741922
           -0.125926635831944772059287629417668
            0.142516265800000013763693118562514
            0.000000000000000000000000000000000
            0.000000000000000000000000000000000
            0.143340800409763824418973854335491
            0.000001249918361000000101187741922
            0.110057111134095123028409091148205
            0.142516265800000013763693118562514
            0.000000000000000000000000000000000
            0.000000000000000000000000000000000
      7000000.000000000000000000000000000000000
      7000000.000000000000000000000000000000000
      7000000.000000000000000000000000000000000
            0.055749745578937907886096780885055
            0.000001249918361000000101187741922
           -0.036260005153809601874392853915197
            0.142516265800000013763693118562514
            0.000000000000000000000000000000000
            0.000000000000000000000000000000000
           -0.163256300000701071173381251355750
            0.000001249918361000000101187741922
           -0.127181314698250558237191398802679
            0.142516265800000013763693118562514
            0.000000000000000000000000000000000
            0.000000000000000000000000000000000
      7000000.000000000000000000000000000000000
      7000000.000000000000000000000000000000000
      7000000.000000000000000000000000000000000
           -0.066077774737185943076944738550083
            0.000001249918361000000101187741922
            0.089402063400867551323791815320874
            0.142516265800000013763693118562514
            0.000000000000000000000000000000000
            0.000000000000000000000000000000000
           -0.186822581016387184726923464950232
            0.000001249918361000000101187741922
           -0.028548343503194448245174896783283
            0.142516265800000013763693118562514
            0.000000000000000000000000000000000
            0.000000000000000000000000000000000
      7000000.000000000000000000000000000000000
      7000000.000000000000000000000000000000000
      7000000.000000000000000000000000000000000
            0.057736689718483676092564138571106
            0.000001249918361000000101187741922
           -0.210402905092780312390488006712985
            0.142516265800000013763693118562514
            0.000000000000000000000000000000000
            0.000000000000000000000000000000000
           -0.108072655605301215508973200485343
            0.000001249918361000000101187741922
           -0.174225628909348506656584731899784
            0.142516265800000013763693118562514
            0.000000000000000000000000000000000
            0.000000000000000000000000000000000
      7000000.000000000000000000000000000000000
      7000000.000000000000000000000000000000000
      7000000.000000000000000000000000000000000
           -0.156212517395158512201192024804186
            0.000001249918361000000101187741922
           -0.010534529848180042635452657862061
            0.142516265800000013763693118562514
            0.000000000000000000000000000000000
            0.000000000000000000000000000000000
           -0.011124841298678479414863140561920
            0.000001249918361000000101187741922
            0.229401310658993995428289736082661
            0.142516265800000013763693118562514
            0.000000000000000000000000000000000
            0.000000000000000000000000000000000
      7000000.000000000000000000000000000000000
      7000000.000000000000000000000000000000000
      7000000.000000000000000000000000000000000
           -0.099022501542976607002977118554554
            0.000001249918361000000101187741922
           -0.086892092964412817601704830394738
            0.142516265800000013763693118562514
            0.000000000000000000000000000000000
            0.000000000000000000000000000000000
            0.083339212719562988374022438620159
            0.000001249918361000000101187741922
            0.117583054654798443983132472112629
            0.142516265800000013763693118562514
            0.000000000000000000000000000000000
            0.000000000000000000000000000000000
      7000000.000000000000000000000000000000000
      7000000.000000000000000000000000000000000
      7000000.000000000000000000000000000000000
            0.078036662671511075606289864481369
            0.000001249918361000000101187741922
           -0.182901161759681657459353232297872
            0.142516265800000013763693118562514
            0.000000000000000000000000000000000
            0.000000000000000000000000000000000
            0.174688091174568294050573058484588
            0.000001249918361000000101187741922
            0.050995393023861801395923976087943
            0.142516265800000013763693118562514
            0.000000000000000000000000000000000
            0.000000000000000000000000000000000
      7000000.000000000000000000000000000000000
      7000000.000000000000000000000000000000000
      7000000.000000000000000000000000000000000
            0.094775527998668521179048696012615
            0.000001249918361000000101187741922
           -0.048691777599785747432381555199754
            0.142516265800000013763693118562514
            0.000000000000000000000000000000000
            0.000000000000000000000000000000000
            0.208021969264728046056234234129079
            0.000001249918361000000101187741922
            0.080056943827588641915404821247648
            0.142516265800000013763693118562514
            0.000000000000000000000000000000000
            0.000000000000000000000000000000000
      7000000.000000000000000000000000000000000
      7000000.000000000000000000000000000000000
      7000000.000000000000000000000000000000000
           -0.128622919202972252339378655960900
            0.000001249918361000000101187741922
            0.063998863280694470723197753159184
            0.142516265800000013763693118562514
            0.000000000000000000000000000000000
            0.000000000000000000000000000000000
            0.147204283666366286809079610975459
            0.000001249918361000000101187741922
            0.156162577542854397183447190400329
            0.142516265800000013763693118562514
            0.000000000000000000000000000000000
            0.000000000000000000000000000000000
      7000000.000000000000000000000000000000000
      7000000.000000000000000000000000000000000
      7000000.000000000000000000000000000000000
           -0.081048362658441674977183311057161
            0.000001249918361000000101187741922
            0.024402012635145176738804551064277
            0.142516265800000013763693118562514
            0.000000000000000000000000000000000
            0.000000000000000000000000000000000
            0.011988878331092090931409011034248
            0.000001249918361000000101187741922
           -0.046106391580532958551774669331280
            0.142516265800000013763693118562514
            0.000000000000000000000000000000000
            0.000000000000000000000000000000000
      7000000.000000000000000000000000000000000
      7000000.000000000000000000000000000000000
      7000000.000000000000000000000000000000000
           -0.002807270192180005580900870043592
            0.000001249918361000000101187741922
            0.083127886114932228456275709049805
            0.142516265800000013763693118562514
            0.000000000000000000000000000000000
            0.000000000000000000000000000000000
           -0.185792701762552192601418710182770
            0.000001249918361000000101187741922
           -0.076385053612751011020698399534012
            0.142516265800000013763693118562514
            0.000000000000000000000000000000000
            0.000000000000000000000000000000000
      7000000.000000000000000000000000000000000
      7000000.000000000000000000000000000000000
      7000000.000000000000000000000000000000000
           -0.074727078717626058135259370374115
            0.000001249918361000000101187741922
            0.065266700954964618208720139591605
            0.142516265800000013763693118562514
            0.000000000000000000000000000000000
            0.000000000000000000000000000000000
            0.173980117279882912084687518472492
            0.000001249918361000000101187741922
           -0.090163525816468165219319530478970
            0.142516265800000013763693118562514
            0.000000000000000000000000000000000
            0.000000000000000000000000000000000
      7000000.000000000000000000000000000000000
      7000000.000000000000000000000000000000000
      7000000.000000000000000000000000000000000
            0.012847566480058629501126432614910
            0.000001249918361000000101187741922
           -0.120786880854515596417364520220872
            0.142516265800000013763693118562514
            0.000000000000000000000000000000000
            0.000000000000000000000000000000000
           -0.072232304645634029527379027513234
            0.000001249918361000000101187741922
           -0.057812744801817549100686477459021
            0.142516265800000013763693118562514
            0.000000000000000000000000000000000
            0.000000000000000000000000000000000
      7000000.000000000000000000000000000000000
      7000000.000000000000000000000000000000000
      7000000.000000000000000000000000000000000
           -0.044485472569584773305795266651330
            0.000001249918361000000101187741922
           -0.036635214340073225802729695033122
            0.142516265800000013763693118562514
            0.000000000000000000000000000000000
            0.000000000000000000000000000000000
           -0.161349553453403071756611097953282
            0.000001249918361000000101187741922
           -0.149987336997535053439989383150532
            0.142516265800000013763693118562514
            0.000000000000000000000000000000000
            0.000000000000000000000000000000000
      7000000.000000000000000000000000000000000
      7000000.000000000000000000000000000000000
      7000000.000000000000000000000000000000000
           -0.031142782824633088306631734099028
            0.000001249918361000000101187741922
            0.106014902595615148617191891844413
            0.142516265800000013763693118562514
            0.000000000000000000000000000000000
            0.000000000000000000000000000000000
            0.110256173159840806241582811253465
            0.000001249918361000000101187741922
            0.097196512534326720555988288197113
            0.142516265800000013763693118562514
            0.000000000000000000000000000000000
            0.000000000000000000000000000000000
      7000000.000000000000000000000000000000000
      7000000.000000000000000000000000000000000
      7000000.000000000000000000000000000000000
           -0.085085455546194704856688417748956
            0.000001249918361000000101187741922
            0.208299189826501945921322089816385
            0.142516265800000013763693118562514
            0.000000000000000000000000000000000
            0.000000000000000000000000000000000
           -0.087051712267099290443184145260602
            0.000001249918361000000101187741922
           -0.140374668078321912512151925511716
            0.142516265800000013763693118562514
            0.000000000000000000000000000000000
            0.000000000000000000000000000000000
      7000000.000000000000000000000000000000000
      7000000.000000000000000000000000000000000
      7000000.000000000000000000000000000000000
            0.056394009407724592086719184180765
            0.000001249918361000000101187741922
           -0.096494840394965489260847846253455
            0.142516265800000013763693118562514
            0.000000000000000000000000000000000
            0.000000000000000000000000000000000
           -0.185559890293032242469806192275428
            0.000001249918361000000101187741922
           -0.089118114442377882600254679346108
            0.142516265800000013763693118562514
            0.000000000000000000000000000000000
            0.000000000000000000000000000000000
      7000000.000000000000000000000000000000000
      7000000.000000000000000000000000000000000
      7000000.000000000000000000000000000000000
