 62.000000  0.057603
 62.015625  0.034432
 62.031250  0.044453
 62.046875  0.051828
 62.062500  0.053734
 62.078125  0.043354
 62.093750  0.056342
 62.109375  0.068739
 62.125000  0.085426
 62.140625  0.123959
 62.156250  0.174297
 62.171875  0.291128
 62.187500  0.882545
 62.203125  1.000000
 62.218750  0.334980
 62.234375  0.210820
 62.250000  0.154118
 62.265625  0.124797
 62.281250  0.133251
 62.296875  0.095137
 62.312500  0.082294
 62.328125  0.067176
 62.343750  0.066652
 62.359375  0.062512
 62.375000  0.015865
 62.390625  0.068025
 62.406250  0.059271
 62.421875  0.064539
 62.437500  0.047859
 62.453125  0.045990
 62.468750  0.042664
 62.484375  0.079793
