                      0.031111740643540882617079645910962
                     -0.102545566844092411740163583999674
                      0.166508923907542016884519853192614
                      0.368515973448130251810539448342752
                      0.000000000000000000000000000000000
                      0.000000000000000000000000000000000
                      0.039430777860915519617002189534105
                      0.210399799405236287430653874253039
                      0.086312291623074743895926985715050
                     -0.117850146758359267118443369781744
                      0.000000000000000000000000000000000
                      0.000000000000000000000000000000000
                7000000.000000000000000000000000000000011
                7000000.000000000000000000000000000000011
                7000000.000000000000000000000000000000011
                      0.203798862714322626121798975873389
                      0.220493619416456010373650542533142
                      0.012229921217968267935227721920910
                      0.086552399788967795957184137023432
                      0.000000000000000000000000000000000
                      0.000000000000000000000000000000000
                      0.051172687202890025648382987810692
                     -0.057147487272674858671539510623916
                     -0.060937633165346519192873131487431
                      0.073646813247067163810122281120130
                      0.000000000000000000000000000000000
                      0.000000000000000000000000000000000
                7000000.000000000000000000000000000000011
                7000000.000000000000000000000000000000011
                7000000.000000000000000000000000000000011
                      0.043376321232592496279778515599901
                     -0.137048500736262707233592550437606
                     -0.049875940665143995988994873869160
                      0.005611697085766274850637813642606
                      0.000000000000000000000000000000000
                      0.000000000000000000000000000000000
                      0.065550027268425112292327128216129
                     -0.144890675512669625524253547155240
                      0.112734774595948800124389777010947
                      0.228375138479040507011319505181746
                      0.000000000000000000000000000000000
                      0.000000000000000000000000000000000
                7000000.000000000000000000000000000000011
                7000000.000000000000000000000000000000011
                7000000.000000000000000000000000000000011
                     -0.009152970646820784289543482259432
                     -0.057922002971579213126407381651006
                     -0.003185207744265493648438969387371
                      0.152337380866806232360133321890316
                      0.000000000000000000000000000000000
                      0.000000000000000000000000000000000
                     -0.120512332792008319826138063035614
                      0.094011637645069284774379525515542
                      0.075659124841156055740754027283401
                      0.198743818647124592668973264153465
                      0.000000000000000000000000000000000
                      0.000000000000000000000000000000000
                7000000.000000000000000000000000000000011
                7000000.000000000000000000000000000000011
                7000000.000000000000000000000000000000011
                     -0.119744478324634834320860932166397
                     -0.283791658207256991541811430579401
                     -0.026864003705749539552272153741797
                      0.035687016109221467163870045169460
                      0.000000000000000000000000000000000
                      0.000000000000000000000000000000000
                     -0.002194765821096113841276453726437
                      0.014748091803394662926973701644329
                     -0.060555009087860850458540085128334
                      0.223707391950022066451353452976036
                      0.000000000000000000000000000000000
                      0.000000000000000000000000000000000
                7000000.000000000000000000000000000000011
                7000000.000000000000000000000000000000011
                7000000.000000000000000000000000000000011
                      0.006832152016390124690814467101063
                      0.035256357691465733950053618173115
                      0.021472247051111604393414111768834
                     -0.097078815048696379119697041915060
                      0.000000000000000000000000000000000
                      0.000000000000000000000000000000000
                     -0.027938738180543914307873976099472
                      0.051105178217796733142197496135850
                      0.022423972309895873200602522956615
                      0.181566731813445236820570016789134
                      0.000000000000000000000000000000000
                      0.000000000000000000000000000000000
                7000000.000000000000000000000000000000011
                7000000.000000000000000000000000000000011
                7000000.000000000000000000000000000000011
                      0.076785398317789868571914269068657
                     -0.037278871913209436772529414838573
                      0.020012046743001249415883080473577
                      0.111289645973583539717566281979089
                      0.000000000000000000000000000000000
                      0.000000000000000000000000000000000
                     -0.006446129189765030173542292857292
                      0.032190169067734315799800270951891
                     -0.040457798508119133251703658515908
                      0.067754363293997171835414405904885
                      0.000000000000000000000000000000000
                      0.000000000000000000000000000000000
                7000000.000000000000000000000000000000011
                7000000.000000000000000000000000000000011
                7000000.000000000000000000000000000000011
                     -0.109561512600741303713469676495151
                      0.083639575299609497660568990795582
                     -0.031273925892228639222825137267137
                      0.056032945518480453683807240850001
                      0.000000000000000000000000000000000
                      0.000000000000000000000000000000000
                     -0.006619705240557166234238728463879
                     -0.080619357447426764906595053616911
                     -0.020625930700805358841698478045146
                     -0.119619539336016919572891481493571
                      0.000000000000000000000000000000000
                      0.000000000000000000000000000000000
                7000000.000000000000000000000000000000011
                7000000.000000000000000000000000000000011
                7000000.000000000000000000000000000000011
                      0.082253470691032504191753105260432
                      0.178367670943275213879530838312348
                      0.099334866385241346598000689027685
                      0.349785327091263864573988939810079
                      0.000000000000000000000000000000000
                      0.000000000000000000000000000000000
                      0.114856340544794433000674871436786
                     -0.032888921175366174487475490195720
                      0.109512805423976997132307076299185
                      0.052334686118734867477098049448614
                      0.000000000000000000000000000000000
                      0.000000000000000000000000000000000
                7000000.000000000000000000000000000000011
                7000000.000000000000000000000000000000011
                7000000.000000000000000000000000000000011
                      0.000343133685643115114889678540777
                      0.003249392093483992067365351275043
                     -0.136412672976944149283440310682636
                     -0.170830708017350479943630148227385
                      0.000000000000000000000000000000000
                      0.000000000000000000000000000000000
                      0.113463890705291323146575166447292
                      0.016916152183264421271502442323253
                     -0.070251050119653435377387040716712
                      0.222129497683571847099770479871950
                      0.000000000000000000000000000000000
                      0.000000000000000000000000000000000
                7000000.000000000000000000000000000000011
                7000000.000000000000000000000000000000011
                7000000.000000000000000000000000000000011
                      0.053174689334493749348631297380052
                     -0.088152034974516110810149882581754
                      0.045595380880323423122835180265611
                     -0.247945333874836443266431729171018
                      0.000000000000000000000000000000000
                      0.000000000000000000000000000000000
                     -0.095947458946454788897284515769570
                     -0.189377622640472670356714957051736
                      0.032998664415577180775152044134302
                      0.238036554374999098637744054940413
                      0.000000000000000000000000000000000
                      0.000000000000000000000000000000000
                7000000.000000000000000000000000000000011
                7000000.000000000000000000000000000000011
                7000000.000000000000000000000000000000011
                      0.002826843269625422139929016296378
                     -0.013352842930154438030876384857493
                      0.027775089260942322638703316783904
                      0.079391995480913246652221459953580
                      0.000000000000000000000000000000000
                      0.000000000000000000000000000000000
                     -0.136913038663346475765081322606420
                      0.095149087269923535159499294877605
                     -0.088930282420423584222035628954472
                      0.209407406006188095970443896476354
                      0.000000000000000000000000000000000
                      0.000000000000000000000000000000000
                7000000.000000000000000000000000000000011
                7000000.000000000000000000000000000000011
                7000000.000000000000000000000000000000011
                     -0.105152858458067641200806008328072
                      0.198139285922155905517172413965454
                     -0.126096189934093605433673701554653
                      0.098760894644887881055339562408335
                      0.000000000000000000000000000000000
                      0.000000000000000000000000000000000
                      0.101562303775991152887669954907324
                      0.033610854924227516471457732905037
                     -0.051759879310563153276270043079421
                      0.166927218980540192916350861196406
                      0.000000000000000000000000000000000
                      0.000000000000000000000000000000000
                7000000.000000000000000000000000000000011
                7000000.000000000000000000000000000000011
                7000000.000000000000000000000000000000011
                      0.022971991510004802911071308813007
                      0.001604574615553672808226925994290
                     -0.018321974562356346805103157748817
                      0.380818601763041331143000434167334
                      0.000000000000000000000000000000000
                      0.000000000000000000000000000000000
                      0.115313170970657075109500055987155
                     -0.170552355211997463957374066012562
                      0.017300135582092524694219903835801
                     -0.111350054220581612396401283149316
                      0.000000000000000000000000000000000
                      0.000000000000000000000000000000000
                7000000.000000000000000000000000000000011
                7000000.000000000000000000000000000000011
                7000000.000000000000000000000000000000011
                      0.003317325895116247924665486834783
                      0.105704395281069160605902368388342
                     -0.002993107363688219356434583318105
                      0.203122012664183865249256655260979
                      0.000000000000000000000000000000000
                      0.000000000000000000000000000000000
                      0.184906249197472116740925685007824
                     -0.053372235593011969900789637222260
                      0.075796337086692769369200561868638
                      0.396978796675233391866299825778697
                      0.000000000000000000000000000000000
                      0.000000000000000000000000000000000
                7000000.000000000000000000000000000000011
                7000000.000000000000000000000000000000011
                7000000.000000000000000000000000000000011
                     -0.058339299159650505333107872729670
                     -0.065793602848593146781297491543228
                      0.002446118854239503082742546169470
                     -0.006440884137641889224668023672393
                      0.000000000000000000000000000000000
                      0.000000000000000000000000000000000
                      0.155290751694998563348093512104242
                      0.204635151087372124667496109395870
                      0.036232685796454472404448665656673
                      0.265737476730245281153486303082900
                      0.000000000000000000000000000000000
                      0.000000000000000000000000000000000
                7000000.000000000000000000000000000000011
                7000000.000000000000000000000000000000011
                7000000.000000000000000000000000000000011
                     -0.010304231106498586492681290849305
                     -0.127248100958825882678127072722418
                      0.190183885864726592851425834851398
                      0.029133626954491759208920598211989
                      0.000000000000000000000000000000000
                      0.000000000000000000000000000000000
                      0.101723069483303354965109122076683
                     -0.063191006850140729600440181457088
                      0.139424457192963285878661849892524
                      0.154074460920697958732361598777061
                      0.000000000000000000000000000000000
                      0.000000000000000000000000000000000
                7000000.000000000000000000000000000000011
                7000000.000000000000000000000000000000011
                7000000.000000000000000000000000000000011
                     -0.144664428785968246504722856116132
                      0.041583877799354580784285673189515
                      0.002351637127891659240219723869814
                      0.043765379288373380817223079475298
                      0.000000000000000000000000000000000
                      0.000000000000000000000000000000000
                      0.026401465462530641220562088733459
                      0.071779853512930549830350912543508
                      0.160507362807720238562225745226897
                      0.426093115360200780372679218999110
                      0.000000000000000000000000000000000
                      0.000000000000000000000000000000000
                7000000.000000000000000000000000000000011
                7000000.000000000000000000000000000000011
                7000000.000000000000000000000000000000011
                     -0.058937840108158397189885846501056
                     -0.126217256735280003443477880864521
                     -0.037362636018642265967049098662756
                      0.289024550329845808516182614766876
                      0.000000000000000000000000000000000
                      0.000000000000000000000000000000000
                     -0.030937972308123097564536152503933
                      0.147549064232027848930783875402994
                      0.106005363941671870708916003422928
                      0.217497332196302906037743696288089
                      0.000000000000000000000000000000000
                      0.000000000000000000000000000000000
                7000000.000000000000000000000000000000011
                7000000.000000000000000000000000000000011
                7000000.000000000000000000000000000000011
                     -0.125412334114653550853901720074646
                     -0.032501955492180142903713147006783
                      0.013150772003819193034512835538408
                     -0.149573353120834945384487468800216
                      0.000000000000000000000000000000000
                      0.000000000000000000000000000000000
                      0.217156110984012468145820662357437
                     -0.025300084866794445709325955817803
                      0.010623652331689853456353489491448
                      0.301604455945499561053679826727603
                      0.000000000000000000000000000000000
                      0.000000000000000000000000000000000
                7000000.000000000000000000000000000000011
                7000000.000000000000000000000000000000011
                7000000.000000000000000000000000000000011
                     -0.096073638380770626232774134223291
                      0.016905532861310940129229152262269
                      0.032666423189802833160211292806707
                      0.083098333378514813163384644667531
                      0.000000000000000000000000000000000
                      0.000000000000000000000000000000000
                   1364.690778544914564918144606053829193
          ***********************************************
                  -1787.805770847603071160847321152687073
          ***********************************************
                      0.000000000000000000000000000000000
                      0.000000000000000000000000000000000
                7000000.000000000000000000000000000000011
                7000000.000000000000000000000000000000011
                7000000.000000000000000000000000000000011
                     -0.039064545197349233307537730297554
                     -0.248437499848151222003878046962200
                     -0.003732590400243775228400489041292
                      0.108820950469655119974277113215066
                      0.000000000000000000000000000000000
                      0.000000000000000000000000000000000
                     -0.154353240356830984092439962296339
                     -0.101216244229586513347918241834122
                      0.158624907139426840618767755586305
                      0.020086198344028569073849155302014
                      0.000000000000000000000000000000000
                      0.000000000000000000000000000000000
                7000000.000000000000000000000000000000011
                7000000.000000000000000000000000000000011
                7000000.000000000000000000000000000000011
                     -0.079681081878470103041500749441184
                      0.028251238628890291970652270947539
                      0.021157274443441911881969019759708
                      0.126730975952721480748408566796570
                      0.000000000000000000000000000000000
                      0.000000000000000000000000000000000
                      0.011449799464974647414394759437073
                      0.005994843059887927649853622824594
                     -0.046099834128714246850311297976077
                      0.141628960451831403810629694817180
                      0.000000000000000000000000000000000
                      0.000000000000000000000000000000000
                7000000.000000000000000000000000000000011
                7000000.000000000000000000000000000000011
                7000000.000000000000000000000000000000011
                     -0.002481835818209775050557919229277
                     -0.000243662854884087008580997868457
                      0.072539209563085502163737317005143
                      0.209726074766077935640495866209676
                      0.000000000000000000000000000000000
                      0.000000000000000000000000000000000
                     -0.159666783100285952778918385774887
                     -0.155179397598768115118517130213149
                      0.051508021621412561352748582521599
                      0.239123135664097208330503008255619
                      0.000000000000000000000000000000000
                      0.000000000000000000000000000000000
                7000000.000000000000000000000000000000011
                7000000.000000000000000000000000000000011
                7000000.000000000000000000000000000000011
                     -0.075148866967927788196313088064926
                     -0.006678339156499248606413399187431
                      0.058569244890091576305479748043581
                      0.097566947626562094963986737639061
                      0.000000000000000000000000000000000
                      0.000000000000000000000000000000000
                      0.169339132908706724300884616241092
                      0.097480864226477226264222508689272
                      0.067144720992522111124856110109249
                      0.359461492839920349062765581038548
                      0.000000000000000000000000000000000
                      0.000000000000000000000000000000000
                7000000.000000000000000000000000000000011
                7000000.000000000000000000000000000000011
                7000000.000000000000000000000000000000011
                      0.004779757559073441117170055747465
                      0.033261334825550499527668790733514
                      0.120379769944395795255864811679203
                      0.086945292727231754392747120618878
                      0.000000000000000000000000000000000
                      0.000000000000000000000000000000000
                      0.070652004372943763566006225573801
                     -0.020651060708736661969409098560391
                      0.032205473158069305994466446918523
                      0.057268825553958312146729525693445
                      0.000000000000000000000000000000000
                      0.000000000000000000000000000000000
                7000000.000000000000000000000000000000011
                7000000.000000000000000000000000000000011
                7000000.000000000000000000000000000000011
                      0.040327064205052540191154264448414
                     -0.033799466621747702166356219777299
                      0.034279236983212564571221747655727
                      0.122369110375688178171671438576595
                      0.000000000000000000000000000000000
                      0.000000000000000000000000000000000
                      0.147198933770833817469281257217517
                     -0.099654867892365897596995694129873
                     -0.079164805390029513443295172692160
                      0.352624572982876416382680417882511
                      0.000000000000000000000000000000000
                      0.000000000000000000000000000000000
                7000000.000000000000000000000000000000011
                7000000.000000000000000000000000000000011
                7000000.000000000000000000000000000000011
                      0.024680804125924445113771099613587
                     -0.053254410259144853434509769840588
                      0.074604519940641683684035001533630
                      0.005572023610267572320264850560534
                      0.000000000000000000000000000000000
                      0.000000000000000000000000000000000
                      0.105316744262474837334764288243605
                     -0.061869670817693060704822727302599
                     -0.039008637122620398729466728582338
                     -0.030867965034859064232808378847039
                      0.000000000000000000000000000000000
                      0.000000000000000000000000000000000
                7000000.000000000000000000000000000000011
                7000000.000000000000000000000000000000011
                7000000.000000000000000000000000000000011
                      0.015045564621029846458233336647936
                     -0.096629843477830448805754315344529
                      0.124265453623647520453587844713184
                      0.391232762612705065041751595344977
                      0.000000000000000000000000000000000
                      0.000000000000000000000000000000000
                     -0.009254556544416255720042485677368
                      0.149702695899221555064784183741722
                      0.043930501380150074886010713726137
                      0.396053207149553110344442075074767
                      0.000000000000000000000000000000000
                      0.000000000000000000000000000000000
                7000000.000000000000000000000000000000011
                7000000.000000000000000000000000000000011
                7000000.000000000000000000000000000000011
                      0.015271734106544993664345000183857
                     -0.112485163295189802279416824148939
                      0.015212570983581811395746186121869
                     -0.032389824757072770144983309137388
                      0.000000000000000000000000000000000
                      0.000000000000000000000000000000000
                      0.107673293186462126769242786394898
                     -0.271702328187894914801603363230242
                      0.043190776766108759932016880611627
                      0.032803540223936875075416708114062
                      0.000000000000000000000000000000000
                      0.000000000000000000000000000000000
                7000000.000000000000000000000000000000011
                7000000.000000000000000000000000000000011
                7000000.000000000000000000000000000000011
                     -0.013919293273258609433540300415189
                      0.158124364386131255333367562343483
                      0.019956454870098096210373483927469
                      0.486278970148857514477214181169984
                      0.000000000000000000000000000000000
                      0.000000000000000000000000000000000
                      0.051584322314348882154710906888795
                     -0.152043817315759166586275341614964
                      0.059377331974661190505671015671396
                     -0.118450550602974685743262739379134
                      0.000000000000000000000000000000000
                      0.000000000000000000000000000000000
                7000000.000000000000000000000000000000011
                7000000.000000000000000000000000000000011
                7000000.000000000000000000000000000000011
              551806403.600912570953369140625000000000025
              217796451.786652565002441406250000000000010
            -1521227875.958241224288940429687499999999029
             -600424234.095465421676635742187500000000028
                      0.000000000000000000000000000000000
                      0.000000000000000000000000000000000
                      0.039202736297887917638060883973594
                     -0.083151277458357944483147150549485
                      0.024439471857228136503215054631255
                      0.264398357374356129945169868733501
                      0.000000000000000000000000000000000
                      0.000000000000000000000000000000000
                7000000.000000000000000000000000000000011
                7000000.000000000000000000000000000000011
                7000000.000000000000000000000000000000011
                      0.022700040345722215934243237711598
                      0.136508187579484463469725596951321
                     -0.024591284301436110160121728540616
                      0.307613116717674772715440667525399
                      0.000000000000000000000000000000000
                      0.000000000000000000000000000000000
                     -0.118441104826332396782184730454901
                      0.161767916812888989941399131566868
                     -0.022907738948437346426789673614621
                      0.333428217585118480403849616777734
                      0.000000000000000000000000000000000
                      0.000000000000000000000000000000000
                7000000.000000000000000000000000000000011
                7000000.000000000000000000000000000000011
                7000000.000000000000000000000000000000011
                     -0.028242486469625197043065156776720
                      0.033755885018042990075581855080600
                     -0.000257853743813576865434589180381
                      0.131468749300337972574226341748727
                      0.000000000000000000000000000000000
                      0.000000000000000000000000000000000
                     -0.107141772324812853400821666127740
                     -0.114852903366240433058464986970648
                      0.006928140505107664194606176266689
                      0.283149097964726870202412101207301
                      0.000000000000000000000000000000000
                      0.000000000000000000000000000000000
                7000000.000000000000000000000000000000011
                7000000.000000000000000000000000000000011
                7000000.000000000000000000000000000000011
                     -0.076851911206468365156396771453728
                     -0.390743506486622760309757040886325
                     -0.007353485038471161902573491886415
                      0.089978229307918530799348388882208
                      0.000000000000000000000000000000000
                      0.000000000000000000000000000000000
                      0.008284472806239144213047431719588
                     -0.001968298363801478361584385012861
                      0.022689076725675442341989551664483
                      0.009570351469412985423446116328705
                      0.000000000000000000000000000000000
                      0.000000000000000000000000000000000
                7000000.000000000000000000000000000000011
                7000000.000000000000000000000000000000011
                7000000.000000000000000000000000000000011
                      0.018408757746513904063334621241665
                     -0.003823821548032236596059707522954
                     -0.127430637625865927908819230651716
                      0.042600767792228599883941342341132
                      0.000000000000000000000000000000000
                      0.000000000000000000000000000000000
                      0.002676476899630164316135072510860
                     -0.075160657489367149741710250054894
                      0.001641767825597022960673609937032
                      0.089508994416929332782473238694365
                      0.000000000000000000000000000000000
                      0.000000000000000000000000000000000
                7000000.000000000000000000000000000000011
                7000000.000000000000000000000000000000011
                7000000.000000000000000000000000000000011
                      0.071190413813818423371948540534504
                     -0.061730366145756887519269184849691
                     -0.010996323138810985831081978858492
                      0.203360447990640458293398751266068
                      0.000000000000000000000000000000000
                      0.000000000000000000000000000000000
                      0.016302920183688146549272346419457
                      0.020756676183418393266677526298736
                      0.001462611698111159971857908601578
                      0.248352122213049419929831174158608
                      0.000000000000000000000000000000000
                      0.000000000000000000000000000000000
                7000000.000000000000000000000000000000011
                7000000.000000000000000000000000000000011
                7000000.000000000000000000000000000000011
                     -0.059246324775063072265446351138962
                      0.190794268418693874211911065685854
                      0.025052600970783177325440505001097
                      0.059995746920549278269341186842212
                      0.000000000000000000000000000000000
                      0.000000000000000000000000000000000
                      0.011111078226977872188130369579540
                     -0.022903707758508314029644026277310
                      0.148146844283964324029412296113151
                      0.067762550610084265612087506269745
                      0.000000000000000000000000000000000
                      0.000000000000000000000000000000000
                7000000.000000000000000000000000000000011
                7000000.000000000000000000000000000000011
                7000000.000000000000000000000000000000011
                     -0.038313806101272405990609826176296
                     -0.202265167102603726778653481233050
                     -0.066783619758286200118746478437970
                      0.404333240182822628572267831259524
                      0.000000000000000000000000000000000
                      0.000000000000000000000000000000000
                      0.056822278192166245092131759975018
                      0.264935914018897100685734358194168
                     -0.003450054448327174137778339257920
                      0.390226711738586085065350061995559
                      0.000000000000000000000000000000000
                      0.000000000000000000000000000000000
                7000000.000000000000000000000000000000011
                7000000.000000000000000000000000000000011
                7000000.000000000000000000000000000000011
                      0.000087422496505609484872788284004
                      0.002521300911009017545888477584981
                     -0.055634315514921893475186465138904
                      0.528461792130457963523326725407969
                      0.000000000000000000000000000000000
                      0.000000000000000000000000000000000
                     -0.104707690929053617856503421990055
                     -0.054858568127581802675862832074927
                      0.037116950833831638401072439137351
                      0.005786215051835219211340266554089
                      0.000000000000000000000000000000000
                      0.000000000000000000000000000000000
                7000000.000000000000000000000000000000011
                7000000.000000000000000000000000000000011
                7000000.000000000000000000000000000000011
                      0.056482292332468070350515176869521
                      0.085607182359189015752320983665413
                     -0.140805809051785829622005508099392
                      0.408013995816855878917550626283628
                      0.000000000000000000000000000000000
                      0.000000000000000000000000000000000
                      0.055255545211674694794368178918376
                     -0.276551619300443973781256090660463
                     -0.013799553662910239715255755754697
                      0.162833804790843222898288900069019
                      0.000000000000000000000000000000000
                      0.000000000000000000000000000000000
                7000000.000000000000000000000000000000011
                7000000.000000000000000000000000000000011
                7000000.000000000000000000000000000000011
                     -0.004658494088028223602260258218166
                     -0.003668075553843131320769233028045
                      0.008843700787203033139571850540506
                      0.222228865591393459633096085781290
                      0.000000000000000000000000000000000
                      0.000000000000000000000000000000000
                      0.115927812383047751376707878989691
                      0.110151360399391662348023146478226
                     -0.077105420240949337773450622535165
                      0.060035349370807074287359483832915
                      0.000000000000000000000000000000000
                      0.000000000000000000000000000000000
                7000000.000000000000000000000000000000011
                7000000.000000000000000000000000000000011
                7000000.000000000000000000000000000000011
                     -0.122533738889604240651642896864359
                     -0.215039151351926000055314602832368
                      0.106014758068175590777215688831348
                      0.236676027197017829761804819099780
                      0.000000000000000000000000000000000
                      0.000000000000000000000000000000000
                     -0.102875951358940426194621409194951
                     -0.057590926865212173357821967556447
                     -0.042831566693576898774420413928965
                      0.196779483586124348537538253367529
                      0.000000000000000000000000000000000
                      0.000000000000000000000000000000000
                7000000.000000000000000000000000000000011
                7000000.000000000000000000000000000000011
                7000000.000000000000000000000000000000011
                     -0.010465454033698135330454626057417
                      0.023171570813410865413706218873813
                      0.117483880299780407696630391001236
                      0.194999113239297278132866608757467
                      0.000000000000000000000000000000000
                      0.000000000000000000000000000000000
                     -0.057167865632866243785770166141447
                     -0.236861781016260625198910361177695
                      0.029517896018755072212735868220079
                     -0.081045919645304068112956485947507
                      0.000000000000000000000000000000000
                      0.000000000000000000000000000000000
                7000000.000000000000000000000000000000011
                7000000.000000000000000000000000000000011
                7000000.000000000000000000000000000000011
                     -0.055081992571998299179636404687699
                      0.016827840581135906916632194452177
                      0.036981694171647476465647486065791
                      0.157765303856369387691671590800979
                      0.000000000000000000000000000000000
                      0.000000000000000000000000000000000
          ***********************************************
          ***********************************************
          ***********************************************
          ***********************************************
                      0.000000000000000000000000000000000
                      0.000000000000000000000000000000000
                7000000.000000000000000000000000000000011
                7000000.000000000000000000000000000000011
                7000000.000000000000000000000000000000011
                     -0.037357360687788186692781522424411
                     -0.106516746671298137560945917812205
                     -0.083085638132897710050883688381873
                      0.134114985836648853423369587289926
                      0.000000000000000000000000000000000
                      0.000000000000000000000000000000000
                      0.084358715127176936432462639459118
                      0.285193876050747974204568890854716
                     -0.055282333629545113429237801483396
                      0.217583345354702251128742318542209
                      0.000000000000000000000000000000000
                      0.000000000000000000000000000000000
                7000000.000000000000000000000000000000011
                7000000.000000000000000000000000000000011
                7000000.000000000000000000000000000000011
                      0.023557002902131498472959592049847
                     -0.105710932465299556337612330025877
                      0.123611066880099484954769195610425
                      0.440964563221507621637584861673531
                      0.000000000000000000000000000000000
                      0.000000000000000000000000000000000
                     -0.143704814210980108546422684412391
                     -0.058134033491386918890420076877490
                     -0.025933752887383469676318981100849
                      0.436984056045832403025741541569005
                      0.000000000000000000000000000000000
                      0.000000000000000000000000000000000
                7000000.000000000000000000000000000000011
                7000000.000000000000000000000000000000011
                7000000.000000000000000000000000000000011
                      0.145703654886178229910242976075097
                      0.127276218904505300510976439909427
                      0.022152401244501396943009652318324
                      0.192756042186280701633549483631214
                      0.000000000000000000000000000000000
                      0.000000000000000000000000000000000
                      0.016311378602439932650192133678502
                     -0.031291714779088784792460131711778
                     -0.194384053735051715028347985025903
                      0.357622687022616292384924463476636
                      0.000000000000000000000000000000000
                      0.000000000000000000000000000000000
                7000000.000000000000000000000000000000011
                7000000.000000000000000000000000000000011
                7000000.000000000000000000000000000000011
                      0.035640707305803445703595855320600
                     -0.161374835891313378466449535153515
                      0.051775056846450166758710764725038
                      0.254314928226636205454980199647252
                      0.000000000000000000000000000000000
                      0.000000000000000000000000000000000
                     -0.045715787465107654563567507466360
                     -0.112065287351744369281902891088976
                      0.080669618052180008804796784716018
                      0.309942064148648277477349211039837
                      0.000000000000000000000000000000000
                      0.000000000000000000000000000000000
                7000000.000000000000000000000000000000011
                7000000.000000000000000000000000000000011
                7000000.000000000000000000000000000000011
                      0.145232923683399239855873474880354
                     -0.172874554979943584331891770489165
                      0.137121358772782003798695882323955
                      0.055849070366843216184360443321566
                      0.000000000000000000000000000000000
                      0.000000000000000000000000000000000
                -116227.890367128653451800346374511718750
                1266836.002379088895395398139953613281252
                 284700.114176930452231317758560180664063
               -1151014.786201966227963566780090332031252
                      0.000000000000000000000000000000000
                      0.000000000000000000000000000000000
                7000000.000000000000000000000000000000011
                7000000.000000000000000000000000000000011
                7000000.000000000000000000000000000000011
                      0.095197706839249496280075391041464
                     -0.042802762784820182206946270753178
                      0.001265198919827304098462139592129
                      0.240064521636563638073980087028758
                      0.000000000000000000000000000000000
                      0.000000000000000000000000000000000
                   1364.690778544914564918144606053829193
          ***********************************************
                  -1787.805770847603071160847321152687073
          ***********************************************
                      0.000000000000000000000000000000000
                      0.000000000000000000000000000000000
                7000000.000000000000000000000000000000011
                7000000.000000000000000000000000000000011
                7000000.000000000000000000000000000000011
                      0.118314439356328210406488210537646
                     -0.139132083658386723756805736229580
                      0.017715747913756949016850228417752
                      0.112272939917581138224988990259590
                      0.000000000000000000000000000000000
                      0.000000000000000000000000000000000
                      0.143599755438654608230564235782367
                     -0.050382587139611911819514489252470
                      0.099834830713590547168756472729001
                     -0.088202537145614989810837869299576
                      0.000000000000000000000000000000000
                      0.000000000000000000000000000000000
                7000000.000000000000000000000000000000011
                7000000.000000000000000000000000000000011
                7000000.000000000000000000000000000000011
                     -0.075766940445789576763502282119589
                      0.056676560338777416669930886428119
                      0.014559295287728658482850896405125
                      0.114161859182987879268722508641076
                      0.000000000000000000000000000000000
                      0.000000000000000000000000000000000
                      0.010059546569191474274518327547412
                      0.011606381300422219035595183811438
                     -0.046095241241405536525288511029430
                      0.140766038426129724836499690354685
                      0.000000000000000000000000000000000
                      0.000000000000000000000000000000000
                7000000.000000000000000000000000000000011
                7000000.000000000000000000000000000000011
                7000000.000000000000000000000000000000011
                     -0.001563419096521417297682154945448
                     -0.001291553220869441848464576061417
                      0.048605971639352124613608907566231
                      0.265033715859535279335545965295751
                      0.000000000000000000000000000000000
                      0.000000000000000000000000000000000
                   1030.579411901505864079808816313743591
                     35.249223948314707399731560144573450
                  -3922.109934434503884403966367244720459
                   -145.981657797099813933527912013232708
                      0.000000000000000000000000000000000
                      0.000000000000000000000000000000000
                7000000.000000000000000000000000000000011
                7000000.000000000000000000000000000000011
                7000000.000000000000000000000000000000011
                     -0.074977131571396626874559387943009
                     -0.008528402196694793296893877254661
                      0.041660951294460353555582088347364
                      0.061024827966147547619879532021514
                      0.000000000000000000000000000000000
                      0.000000000000000000000000000000000
                     -0.005275039378931846434372943122071
                     -0.248243451878388310394285554139060
                      0.092465872287671099782890848928218
                      0.240171758668696472271975039802783
                      0.000000000000000000000000000000000
                      0.000000000000000000000000000000000
                7000000.000000000000000000000000000000011
                7000000.000000000000000000000000000000011
                7000000.000000000000000000000000000000011
                     -0.016823177674968738809502255548978
                      0.014978512892209371737406442548490
                     -0.105368840770316787858185136883549
                      0.230947592341301827234545385181264
                      0.000000000000000000000000000000000
                      0.000000000000000000000000000000000
                     -0.067519240745262790182046330755838
                      0.035651003411630487194283745111534
                      0.020843938462183145277073492707132
                      0.244212001586849247747323943258380
                      0.000000000000000000000000000000000
                      0.000000000000000000000000000000000
                7000000.000000000000000000000000000000011
                7000000.000000000000000000000000000000011
                7000000.000000000000000000000000000000011
                     -0.029657284974507300279178423352278
                      0.061734592599618505481817720692561
                     -0.029973141380611065254235825250362
                      0.180278201755592920596527051202429
                      0.000000000000000000000000000000000
                      0.000000000000000000000000000000000
                     -0.026802062165785837943854374998409
                     -0.050347925338472473977269316947059
                     -0.170045371684275720136625409395492
                     -0.020731090266497474022822089523288
                      0.000000000000000000000000000000000
                      0.000000000000000000000000000000000
                7000000.000000000000000000000000000000011
                7000000.000000000000000000000000000000011
                7000000.000000000000000000000000000000011
                     -0.019492598476778769112094380488998
                      0.052433092614969464828611478424136
                     -0.014400395616784043839597728720037
                     -0.043866685375179487182961679536675
                      0.000000000000000000000000000000000
                      0.000000000000000000000000000000000
                     -0.041613053760739517061839620737373
                      0.183330121659917494314484542883292
                      0.036067163031213399226881932690958
                      0.319426365839570403082348093448672
                      0.000000000000000000000000000000000
                      0.000000000000000000000000000000000
                7000000.000000000000000000000000000000011
                7000000.000000000000000000000000000000011
                7000000.000000000000000000000000000000011
                      0.071523275192906979325080385478941
                      0.112343373589341544160902230942156
                     -0.185380363500151190692122327163815
                      0.182877489190663850004980872654414
                      0.000000000000000000000000000000000
                      0.000000000000000000000000000000000
                     -0.065238908352038438298592382125207
                      0.217708764860770453974936344820890
                     -0.056068525705224303568030563837965
                     -0.136027888490587445247115283564199
                      0.000000000000000000000000000000000
                      0.000000000000000000000000000000000
                7000000.000000000000000000000000000000011
                7000000.000000000000000000000000000000011
                7000000.000000000000000000000000000000011
                     -0.050875620813655875185332888577250
                     -0.049631917905406316982031000861753
                      0.093137378190675981781687653437984
                      0.196355513515988122641431345982710
                      0.000000000000000000000000000000000
                      0.000000000000000000000000000000000
                     -0.083709068600982206032057320044260
                      0.260329272273089717959493327725795
                     -0.019294045207282145559801733725180
                     -0.051671263095048491909011545430985
                      0.000000000000000000000000000000000
                      0.000000000000000000000000000000000
                7000000.000000000000000000000000000000011
                7000000.000000000000000000000000000000011
                7000000.000000000000000000000000000000011
                     -0.013919293273258609433540300415189
                      0.158124364386131255333367562343483
                      0.019956454870098096210373483927469
                      0.486278970148857514477214181169984
                      0.000000000000000000000000000000000
                      0.000000000000000000000000000000000
                      0.051584322314348882154710906888795
                     -0.152043817315759166586275341614964
                      0.059377331974661190505671015671396
                     -0.118450550602974685743262739379134
                      0.000000000000000000000000000000000
                      0.000000000000000000000000000000000
                7000000.000000000000000000000000000000011
                7000000.000000000000000000000000000000011
                7000000.000000000000000000000000000000011
              551806403.600912570953369140625000000000025
              217796451.786652565002441406250000000000010
            -1521227875.958241224288940429687499999999029
             -600424234.095465421676635742187500000000028
                      0.000000000000000000000000000000000
                      0.000000000000000000000000000000000
                      0.039202736297887917638060883973594
                     -0.083151277458357944483147150549485
                      0.024439471857228136503215054631255
                      0.264398357374356129945169868733501
                      0.000000000000000000000000000000000
                      0.000000000000000000000000000000000
                7000000.000000000000000000000000000000011
                7000000.000000000000000000000000000000011
                7000000.000000000000000000000000000000011
                      0.022700040345722215934243237711598
                      0.136508187579484463469725596951321
                     -0.024591284301436110160121728540616
                      0.307613116717674772715440667525399
                      0.000000000000000000000000000000000
                      0.000000000000000000000000000000000
                     -0.118441104826332396782184730454901
                      0.161767916812888989941399131566868
                     -0.022907738948437346426789673614621
                      0.333428217585118480403849616777734
                      0.000000000000000000000000000000000
                      0.000000000000000000000000000000000
                7000000.000000000000000000000000000000011
                7000000.000000000000000000000000000000011
                7000000.000000000000000000000000000000011
                     -0.028242486469625197043065156776720
                      0.033755885018042990075581855080600
                     -0.000257853743813576865434589180381
                      0.131468749300337972574226341748727
                      0.000000000000000000000000000000000
                      0.000000000000000000000000000000000
                     -0.107141772324812853400821666127740
                     -0.114852903366240433058464986970648
                      0.006928140505107664194606176266689
                      0.283149097964726870202412101207301
                      0.000000000000000000000000000000000
                      0.000000000000000000000000000000000
                7000000.000000000000000000000000000000011
                7000000.000000000000000000000000000000011
                7000000.000000000000000000000000000000011
                     -0.076851911206468365156396771453728
                     -0.390743506486622760309757040886325
                     -0.007353485038471161902573491886415
                      0.089978229307918530799348388882208
                      0.000000000000000000000000000000000
                      0.000000000000000000000000000000000
                      0.008284472806239144213047431719588
                     -0.001968298363801478361584385012861
                      0.022689076725675442341989551664483
                      0.009570351469412985423446116328705
                      0.000000000000000000000000000000000
                      0.000000000000000000000000000000000
                7000000.000000000000000000000000000000011
                7000000.000000000000000000000000000000011
                7000000.000000000000000000000000000000011
                      0.018408757746513904063334621241665
                     -0.003823821548032236596059707522954
                     -0.127430637625865927908819230651716
                      0.042600767792228599883941342341132
                      0.000000000000000000000000000000000
                      0.000000000000000000000000000000000
                      0.002676476899630164316135072510860
                     -0.075160657489367149741710250054894
                      0.001641767825597022960673609937032
                      0.089508994416929332782473238694365
                      0.000000000000000000000000000000000
                      0.000000000000000000000000000000000
                7000000.000000000000000000000000000000011
                7000000.000000000000000000000000000000011
                7000000.000000000000000000000000000000011
                      0.071190413813818423371948540534504
                     -0.061730366145756887519269184849691
                     -0.010996323138810985831081978858492
                      0.203360447990640458293398751266068
                      0.000000000000000000000000000000000
                      0.000000000000000000000000000000000
                      0.016302920183688146549272346419457
                      0.020756676183418393266677526298736
                      0.001462611698111159971857908601578
                      0.248352122213049419929831174158608
                      0.000000000000000000000000000000000
                      0.000000000000000000000000000000000
                7000000.000000000000000000000000000000011
                7000000.000000000000000000000000000000011
                7000000.000000000000000000000000000000011
                     -0.059246324775063072265446351138962
                      0.190794268418693874211911065685854
                      0.025052600970783177325440505001097
                      0.059995746920549278269341186842212
                      0.000000000000000000000000000000000
                      0.000000000000000000000000000000000
                      0.011111078226977872188130369579540
                     -0.022903707758508314029644026277310
                      0.148146844283964324029412296113151
                      0.067762550610084265612087506269745
                      0.000000000000000000000000000000000
                      0.000000000000000000000000000000000
                7000000.000000000000000000000000000000011
                7000000.000000000000000000000000000000011
                7000000.000000000000000000000000000000011
                     -0.038313806101272405990609826176296
                     -0.202265167102603726778653481233050
                     -0.066783619758286200118746478437970
                      0.404333240182822628572267831259524
                      0.000000000000000000000000000000000
                      0.000000000000000000000000000000000
                      0.056822278192166245092131759975018
                      0.264935914018897100685734358194168
                     -0.003450054448327174137778339257920
                      0.390226711738586085065350061995559
                      0.000000000000000000000000000000000
                      0.000000000000000000000000000000000
                7000000.000000000000000000000000000000011
                7000000.000000000000000000000000000000011
                7000000.000000000000000000000000000000011
                      0.000087422496505609484872788284004
                      0.002521300911009017545888477584981
                     -0.055634315514921893475186465138904
                      0.528461792130457963523326725407969
                      0.000000000000000000000000000000000
                      0.000000000000000000000000000000000
                     -0.104707690929053617856503421990055
                     -0.054858568127581802675862832074927
                      0.037116950833831638401072439137351
                      0.005786215051835219211340266554089
                      0.000000000000000000000000000000000
                      0.000000000000000000000000000000000
                7000000.000000000000000000000000000000011
                7000000.000000000000000000000000000000011
                7000000.000000000000000000000000000000011
                      0.056482292332468070350515176869521
                      0.085607182359189015752320983665413
                     -0.140805809051785829622005508099392
                      0.408013995816855878917550626283628
                      0.000000000000000000000000000000000
                      0.000000000000000000000000000000000
                      0.055255545211674694794368178918376
                     -0.276551619300443973781256090660463
                     -0.013799553662910239715255755754697
                      0.162833804790843222898288900069019
                      0.000000000000000000000000000000000
                      0.000000000000000000000000000000000
                7000000.000000000000000000000000000000011
                7000000.000000000000000000000000000000011
                7000000.000000000000000000000000000000011
                     -0.004658494088028223602260258218166
                     -0.003668075553843131320769233028045
                      0.008843700787203033139571850540506
                      0.222228865591393459633096085781290
                      0.000000000000000000000000000000000
                      0.000000000000000000000000000000000
                      0.115927812383047751376707878989691
                      0.110151360399391662348023146478226
                     -0.077105420240949337773450622535165
                      0.060035349370807074287359483832915
                      0.000000000000000000000000000000000
                      0.000000000000000000000000000000000
                7000000.000000000000000000000000000000011
                7000000.000000000000000000000000000000011
                7000000.000000000000000000000000000000011
                     -0.122533738889604240651642896864359
                     -0.215039151351926000055314602832368
                      0.106014758068175590777215688831348
                      0.236676027197017829761804819099780
                      0.000000000000000000000000000000000
                      0.000000000000000000000000000000000
                     -0.102875951358940426194621409194951
                     -0.057590926865212173357821967556447
                     -0.042831566693576898774420413928965
                      0.196779483586124348537538253367529
                      0.000000000000000000000000000000000
                      0.000000000000000000000000000000000
                7000000.000000000000000000000000000000011
                7000000.000000000000000000000000000000011
                7000000.000000000000000000000000000000011
                     -0.010465454033698135330454626057417
                      0.023171570813410865413706218873813
                      0.117483880299780407696630391001236
                      0.194999113239297278132866608757467
                      0.000000000000000000000000000000000
                      0.000000000000000000000000000000000
                     -0.057167865632866243785770166141447
                     -0.236861781016260625198910361177695
                      0.029517896018755072212735868220079
                     -0.081045919645304068112956485947507
                      0.000000000000000000000000000000000
                      0.000000000000000000000000000000000
                7000000.000000000000000000000000000000011
                7000000.000000000000000000000000000000011
                7000000.000000000000000000000000000000011
                     -0.055081992571998299179636404687699
                      0.016827840581135906916632194452177
                      0.036981694171647476465647486065791
                      0.157765303856369387691671590800979
                      0.000000000000000000000000000000000
                      0.000000000000000000000000000000000
          ***********************************************
          ***********************************************
          ***********************************************
          ***********************************************
                      0.000000000000000000000000000000000
                      0.000000000000000000000000000000000
                7000000.000000000000000000000000000000011
                7000000.000000000000000000000000000000011
                7000000.000000000000000000000000000000011
                     -0.037357360687788186692781522424411
                     -0.106516746671298137560945917812205
                     -0.083085638132897710050883688381873
                      0.134114985836648853423369587289926
                      0.000000000000000000000000000000000
                      0.000000000000000000000000000000000
                      0.084358715127176936432462639459118
                      0.285193876050747974204568890854716
                     -0.055282333629545113429237801483396
                      0.217583345354702251128742318542209
                      0.000000000000000000000000000000000
                      0.000000000000000000000000000000000
                7000000.000000000000000000000000000000011
                7000000.000000000000000000000000000000011
                7000000.000000000000000000000000000000011
                      0.023557002902131498472959592049847
                     -0.105710932465299556337612330025877
                      0.123611066880099484954769195610425
                      0.440964563221507621637584861673531
                      0.000000000000000000000000000000000
                      0.000000000000000000000000000000000
                     -0.143704814210980108546422684412391
                     -0.058134033491386918890420076877490
                     -0.025933752887383469676318981100849
                      0.436984056045832403025741541569005
                      0.000000000000000000000000000000000
                      0.000000000000000000000000000000000
                7000000.000000000000000000000000000000011
                7000000.000000000000000000000000000000011
                7000000.000000000000000000000000000000011
                      0.145703654886178229910242976075097
                      0.127276218904505300510976439909427
                      0.022152401244501396943009652318324
                      0.192756042186280701633549483631214
                      0.000000000000000000000000000000000
                      0.000000000000000000000000000000000
                      0.016311378602439932650192133678502
                     -0.031291714779088784792460131711778
                     -0.194384053735051715028347985025903
                      0.357622687022616292384924463476636
                      0.000000000000000000000000000000000
                      0.000000000000000000000000000000000
                7000000.000000000000000000000000000000011
                7000000.000000000000000000000000000000011
                7000000.000000000000000000000000000000011
                      0.035640707305803445703595855320600
                     -0.161374835891313378466449535153515
                      0.051775056846450166758710764725038
                      0.254314928226636205454980199647252
                      0.000000000000000000000000000000000
                      0.000000000000000000000000000000000
                     -0.045715787465107654563567507466360
                     -0.112065287351744369281902891088976
                      0.080669618052180008804796784716018
                      0.309942064148648277477349211039837
                      0.000000000000000000000000000000000
                      0.000000000000000000000000000000000
                7000000.000000000000000000000000000000011
                7000000.000000000000000000000000000000011
                7000000.000000000000000000000000000000011
                      0.145232923683399239855873474880354
                     -0.172874554979943584331891770489165
                      0.137121358772782003798695882323955
                      0.055849070366843216184360443321566
                      0.000000000000000000000000000000000
                      0.000000000000000000000000000000000
                -116227.890367128653451800346374511718750
                1266836.002379088895395398139953613281252
                 284700.114176930452231317758560180664063
               -1151014.786201966227963566780090332031252
                      0.000000000000000000000000000000000
                      0.000000000000000000000000000000000
                7000000.000000000000000000000000000000011
                7000000.000000000000000000000000000000011
                7000000.000000000000000000000000000000011
                      0.095197706839249496280075391041464
                     -0.042802762784820182206946270753178
                      0.001265198919827304098462139592129
                      0.240064521636563638073980087028758
                      0.000000000000000000000000000000000
                      0.000000000000000000000000000000000
                   1364.690778544914564918144606053829193
          ***********************************************
                  -1787.805770847603071160847321152687073
          ***********************************************
                      0.000000000000000000000000000000000
                      0.000000000000000000000000000000000
                7000000.000000000000000000000000000000011
                7000000.000000000000000000000000000000011
                7000000.000000000000000000000000000000011
                      0.118314439356328210406488210537646
                     -0.139132083658386723756805736229580
                      0.017715747913756949016850228417752
                      0.112272939917581138224988990259590
                      0.000000000000000000000000000000000
                      0.000000000000000000000000000000000
                      0.143599755438654608230564235782367
                     -0.050382587139611911819514489252470
                      0.099834830713590547168756472729001
                     -0.088202537145614989810837869299576
                      0.000000000000000000000000000000000
                      0.000000000000000000000000000000000
                7000000.000000000000000000000000000000011
                7000000.000000000000000000000000000000011
                7000000.000000000000000000000000000000011
                     -0.075766940445789576763502282119589
                      0.056676560338777416669930886428119
                      0.014559295287728658482850896405125
                      0.114161859182987879268722508641076
                      0.000000000000000000000000000000000
                      0.000000000000000000000000000000000
                      0.010059546569191474274518327547412
                      0.011606381300422219035595183811438
                     -0.046095241241405536525288511029430
                      0.140766038426129724836499690354685
                      0.000000000000000000000000000000000
                      0.000000000000000000000000000000000
                7000000.000000000000000000000000000000011
                7000000.000000000000000000000000000000011
                7000000.000000000000000000000000000000011
                     -0.001563419096521417297682154945448
                     -0.001291553220869441848464576061417
                      0.048605971639352124613608907566231
                      0.265033715859535279335545965295751
                      0.000000000000000000000000000000000
                      0.000000000000000000000000000000000
                   1030.579411901505864079808816313743591
                     35.249223948314707399731560144573450
                  -3922.109934434503884403966367244720459
                   -145.981657797099813933527912013232708
                      0.000000000000000000000000000000000
                      0.000000000000000000000000000000000
                7000000.000000000000000000000000000000011
                7000000.000000000000000000000000000000011
                7000000.000000000000000000000000000000011
                     -0.074977131571396626874559387943009
                     -0.008528402196694793296893877254661
                      0.041660951294460353555582088347364
                      0.061024827966147547619879532021514
                      0.000000000000000000000000000000000
                      0.000000000000000000000000000000000
                     -0.005275039378931846434372943122071
                     -0.248243451878388310394285554139060
                      0.092465872287671099782890848928218
                      0.240171758668696472271975039802783
                      0.000000000000000000000000000000000
                      0.000000000000000000000000000000000
                7000000.000000000000000000000000000000011
                7000000.000000000000000000000000000000011
                7000000.000000000000000000000000000000011
                     -0.016823177674968738809502255548978
                      0.014978512892209371737406442548490
                     -0.105368840770316787858185136883549
                      0.230947592341301827234545385181264
                      0.000000000000000000000000000000000
                      0.000000000000000000000000000000000
                     -0.067519240745262790182046330755838
                      0.035651003411630487194283745111534
                      0.020843938462183145277073492707132
                      0.244212001586849247747323943258380
                      0.000000000000000000000000000000000
                      0.000000000000000000000000000000000
                7000000.000000000000000000000000000000011
                7000000.000000000000000000000000000000011
                7000000.000000000000000000000000000000011
                     -0.029657284974507300279178423352278
                      0.061734592599618505481817720692561
                     -0.029973141380611065254235825250362
                      0.180278201755592920596527051202429
                      0.000000000000000000000000000000000
                      0.000000000000000000000000000000000
                     -0.026802062165785837943854374998409
                     -0.050347925338472473977269316947059
                     -0.170045371684275720136625409395492
                     -0.020731090266497474022822089523288
                      0.000000000000000000000000000000000
                      0.000000000000000000000000000000000
                7000000.000000000000000000000000000000011
                7000000.000000000000000000000000000000011
                7000000.000000000000000000000000000000011
                     -0.019492598476778769112094380488998
                      0.052433092614969464828611478424136
                     -0.014400395616784043839597728720037
                     -0.043866685375179487182961679536675
                      0.000000000000000000000000000000000
                      0.000000000000000000000000000000000
                     -0.041613053760739517061839620737373
                      0.183330121659917494314484542883292
                      0.036067163031213399226881932690958
                      0.319426365839570403082348093448672
                      0.000000000000000000000000000000000
                      0.000000000000000000000000000000000
                7000000.000000000000000000000000000000011
                7000000.000000000000000000000000000000011
                7000000.000000000000000000000000000000011
                      0.071523275192906979325080385478941
                      0.112343373589341544160902230942156
                     -0.185380363500151190692122327163815
                      0.182877489190663850004980872654414
                      0.000000000000000000000000000000000
                      0.000000000000000000000000000000000
                     -0.065238908352038438298592382125207
                      0.217708764860770453974936344820890
                     -0.056068525705224303568030563837965
                     -0.136027888490587445247115283564199
                      0.000000000000000000000000000000000
                      0.000000000000000000000000000000000
                7000000.000000000000000000000000000000011
                7000000.000000000000000000000000000000011
                7000000.000000000000000000000000000000011
                     -0.050875620813655875185332888577250
                     -0.049631917905406316982031000861753
                      0.093137378190675981781687653437984
                      0.196355513515988122641431345982710
                      0.000000000000000000000000000000000
                      0.000000000000000000000000000000000
                     -0.083709068600982206032057320044260
                      0.260329272273089717959493327725795
                     -0.019294045207282145559801733725180
                     -0.051671263095048491909011545430985
                      0.000000000000000000000000000000000
                      0.000000000000000000000000000000000
                7000000.000000000000000000000000000000011
                7000000.000000000000000000000000000000011
                7000000.000000000000000000000000000000011
