 60.000000  0.031533
 60.015625  0.032051
 60.031250  0.027665
 60.046875  0.035827
 60.062500  0.036477
 60.078125  0.034663
 60.093750  0.033714
 60.109375  0.054368
 60.125000  0.043297
 60.140625  0.046528
 60.156250  0.041217
 60.171875  0.054512
 60.187500  0.062236
 60.203125  0.064676
 60.218750  0.076346
 60.234375  0.096912
 60.250000  0.126789
 60.265625  0.226480
 60.281250  1.000000
 60.296875  0.361966
 60.312500  0.144104
 60.328125  0.089353
 60.343750  0.055888
 60.359375  0.042052
 60.375000  0.028803
 60.390625  0.018329
 60.406250  0.018905
 60.421875  0.025131
 60.437500  0.018089
 60.453125  0.012663
 60.468750  0.006367
 60.484375  0.014535
