            0.025066201073646956348772718570217
            0.000001259153399999999888272321329
            0.194502563647063086982313961925684
            0.142516275100000006093026172493410
            0.000000000000000000000000000000000
            0.000000000000000000000000000000000
            0.197906916441395547279213928959507
            0.000001259153399999999888272321329
           -0.072171499503470043501707209543383
            0.142516275100000006093026172493410
            0.000000000000000000000000000000000
            0.000000000000000000000000000000000
      7000000.000000000000000000000000000000000
      7000000.000000000000000000000000000000000
      7000000.000000000000000000000000000000000
            0.118639637709833753453914084730059
            0.000001259153399999999888272321329
            0.121852084247570255359782720461226
            0.142516275100000006093026172493410
            0.000000000000000000000000000000000
            0.000000000000000000000000000000000
            0.227228261639637024726923186790373
            0.000001259153399999999888272321329
            0.014695671041661870562244907034710
            0.142516275100000006093026172493410
            0.000000000000000000000000000000000
            0.000000000000000000000000000000000
      7000000.000000000000000000000000000000000
      7000000.000000000000000000000000000000000
      7000000.000000000000000000000000000000000
           -0.003338348345114753711743160735637
            0.000001259153399999999888272321329
            0.169005702883880365439139836780669
            0.142516275100000006093026172493410
            0.000000000000000000000000000000000
            0.000000000000000000000000000000000
            0.148181818847469587430154547291750
            0.000001259153399999999888272321329
            0.150759359708374951480891468236223
            0.142516275100000006093026172493410
            0.000000000000000000000000000000000
            0.000000000000000000000000000000000
      7000000.000000000000000000000000000000000
      7000000.000000000000000000000000000000000
      7000000.000000000000000000000000000000000
            0.013385214792532844352290766209990
            0.000001259153399999999888272321329
            0.231459662704742191730034051033726
            0.142516275100000006093026172493410
            0.000000000000000000000000000000000
            0.000000000000000000000000000000000
           -0.080998173900818773440768438831583
            0.000001259153399999999888272321329
            0.097902036436851955225613153288577
            0.142516275100000006093026172493410
            0.000000000000000000000000000000000
            0.000000000000000000000000000000000
      7000000.000000000000000000000000000000000
      7000000.000000000000000000000000000000000
      7000000.000000000000000000000000000000000
           -0.061334248275020646079536135175658
            0.000001259153399999999888272321329
            0.108649348715383287089508712597308
            0.142516275100000006093026172493410
            0.000000000000000000000000000000000
            0.000000000000000000000000000000000
            0.088109960799857625635134183994523
            0.000001259153399999999888272321329
            0.089092956939285788964255630162370
            0.142516275100000006093026172493410
            0.000000000000000000000000000000000
            0.000000000000000000000000000000000
      7000000.000000000000000000000000000000000
      7000000.000000000000000000000000000000000
      7000000.000000000000000000000000000000000
            0.102553259021623793811883729176770
            0.000001259153399999999888272321329
           -0.111809361256324527045258321322763
            0.142516275100000006093026172493410
            0.000000000000000000000000000000000
            0.000000000000000000000000000000000
           -0.217134298332511743723216568469070
            0.000001259153399999999888272321329
            0.063472602752694479155692874883243
            0.142516275100000006093026172493410
            0.000000000000000000000000000000000
            0.000000000000000000000000000000000
      7000000.000000000000000000000000000000000
      7000000.000000000000000000000000000000000
      7000000.000000000000000000000000000000000
            0.105893265970411043497279024450108
            0.000001259153399999999888272321329
            0.075693363256953610784805164257705
            0.142516275100000006093026172493410
            0.000000000000000000000000000000000
            0.000000000000000000000000000000000
           -0.005950506910230506790737692313087
            0.000001259153399999999888272321329
           -0.126871040489371200710166931457934
            0.142516275100000006093026172493410
            0.000000000000000000000000000000000
            0.000000000000000000000000000000000
      7000000.000000000000000000000000000000000
      7000000.000000000000000000000000000000000
      7000000.000000000000000000000000000000000
           -0.068774977627646879940748192439059
            0.000001259153399999999888272321329
           -0.100564276430788510086067333304527
            0.142516275100000006093026172493410
            0.000000000000000000000000000000000
            0.000000000000000000000000000000000
           -0.000979060740552537608211158826066
            0.000001259153399999999888272321329
            0.123940908134602345569419412640855
            0.142516275100000006093026172493410
            0.000000000000000000000000000000000
            0.000000000000000000000000000000000
      7000000.000000000000000000000000000000000
      7000000.000000000000000000000000000000000
      7000000.000000000000000000000000000000000
           -0.097597417326933472159211646612675
            0.000001259153399999999888272321329
            0.087246535179196366138754115127085
            0.142516275100000006093026172493410
            0.000000000000000000000000000000000
            0.000000000000000000000000000000000
           -0.010848145572313269702213744949404
            0.000001259153399999999888272321329
           -0.212517386002335328942791647932609
            0.142516275100000006093026172493410
            0.000000000000000000000000000000000
            0.000000000000000000000000000000000
      7000000.000000000000000000000000000000000
      7000000.000000000000000000000000000000000
      7000000.000000000000000000000000000000000
            0.054084129924265186839527075335354
            0.000001259153399999999888272321329
            0.184284450896031737343605527712498
            0.142516275100000006093026172493410
            0.000000000000000000000000000000000
            0.000000000000000000000000000000000
            0.002797923836027255573705163627096
            0.000001259153399999999888272321329
            0.124259949672247002605551813303464
            0.142516275100000006093026172493410
            0.000000000000000000000000000000000
            0.000000000000000000000000000000000
      7000000.000000000000000000000000000000000
      7000000.000000000000000000000000000000000
      7000000.000000000000000000000000000000000
            0.089047268407902030462608422567428
            0.000001259153399999999888272321329
           -0.124252144269977909951663264109811
            0.142516275100000006093026172493410
            0.000000000000000000000000000000000
            0.000000000000000000000000000000000
            0.116238490571008254437224138655438
            0.000001259153399999999888272321329
           -0.119173886480874291482479065962252
            0.142516275100000006093026172493410
            0.000000000000000000000000000000000
            0.000000000000000000000000000000000
      7000000.000000000000000000000000000000000
      7000000.000000000000000000000000000000000
      7000000.000000000000000000000000000000000
           -0.218761666390506537283044963260181
            0.000001259153399999999888272321329
            0.024537156563952638999026589772257
            0.142516275100000006093026172493410
            0.000000000000000000000000000000000
            0.000000000000000000000000000000000
           -0.017945633238991145347318578728846
            0.000001259153399999999888272321329
            0.186271324655869763287086016134708
            0.142516275100000006093026172493410
            0.000000000000000000000000000000000
            0.000000000000000000000000000000000
      7000000.000000000000000000000000000000000
      7000000.000000000000000000000000000000000
      7000000.000000000000000000000000000000000
           -0.147440937173632352630292530193401
            0.000001259153399999999888272321329
           -0.121410206868199602170399487022223
            0.142516275100000006093026172493410
            0.000000000000000000000000000000000
            0.000000000000000000000000000000000
            0.138443919525506109469148441348807
            0.000001259153399999999888272321329
           -0.058187082048034514947243422966494
            0.142516275100000006093026172493410
            0.000000000000000000000000000000000
            0.000000000000000000000000000000000
      7000000.000000000000000000000000000000000
      7000000.000000000000000000000000000000000
      7000000.000000000000000000000000000000000
            0.165708673410454560004367863257357
            0.000001259153399999999888272321329
           -0.026754789240553807083689008550209
            0.142516275100000006093026172493410
            0.000000000000000000000000000000000
            0.000000000000000000000000000000000
            0.001787003484567624206000302500286
            0.000001259153399999999888272321329
            0.219738066285673189215188472189766
            0.142516275100000006093026172493410
            0.000000000000000000000000000000000
            0.000000000000000000000000000000000
      7000000.000000000000000000000000000000000
      7000000.000000000000000000000000000000000
      7000000.000000000000000000000000000000000
            0.054954940446912806106816162809992
            0.000001259153399999999888272321329
            0.166803594638662538995887985038280
            0.142516275100000006093026172493410
            0.000000000000000000000000000000000
            0.000000000000000000000000000000000
            0.012956937610172187050339154268386
            0.000001259153399999999888272321329
            0.218901582403534300524938771559391
            0.142516275100000006093026172493410
            0.000000000000000000000000000000000
            0.000000000000000000000000000000000
      7000000.000000000000000000000000000000000
      7000000.000000000000000000000000000000000
      7000000.000000000000000000000000000000000
            0.080855183904497460178895096305496
            0.000001259153399999999888272321329
           -0.158683473144583891967229760666669
            0.142516275100000006093026172493410
            0.000000000000000000000000000000000
            0.000000000000000000000000000000000
           -0.112792089287043484358008527124184
            0.000001259153399999999888272321329
            0.180238344199054212335653346599429
            0.142516275100000006093026172493410
            0.000000000000000000000000000000000
            0.000000000000000000000000000000000
      7000000.000000000000000000000000000000000
      7000000.000000000000000000000000000000000
      7000000.000000000000000000000000000000000
            0.137988201264121868039325136123807
            0.000001259153399999999888272321329
           -0.058795878374061187610077894305505
            0.142516275100000006093026172493410
            0.000000000000000000000000000000000
            0.000000000000000000000000000000000
           -0.189663730604802349688497997703962
            0.000001259153399999999888272321329
            0.049179123997353517416808443840637
            0.142516275100000006093026172493410
            0.000000000000000000000000000000000
            0.000000000000000000000000000000000
      7000000.000000000000000000000000000000000
      7000000.000000000000000000000000000000000
      7000000.000000000000000000000000000000000
           -0.071322583238523362680894024379086
            0.000001259153399999999888272321329
           -0.193938320596104857296282375500596
            0.142516275100000006093026172493410
            0.000000000000000000000000000000000
            0.000000000000000000000000000000000
           -0.111618982330677865566492812376964
            0.000001259153399999999888272321329
            0.174228985737595015725887037660868
            0.142516275100000006093026172493410
            0.000000000000000000000000000000000
            0.000000000000000000000000000000000
      7000000.000000000000000000000000000000000
      7000000.000000000000000000000000000000000
      7000000.000000000000000000000000000000000
            0.029450147525559505073955435250355
            0.000001259153399999999888272321329
            0.214186924297854935916873841961205
            0.142516275100000006093026172493410
            0.000000000000000000000000000000000
            0.000000000000000000000000000000000
           -0.190472893555597821979574746364960
            0.000001259153399999999888272321329
            0.017568711057501355116139407641640
            0.142516275100000006093026172493410
            0.000000000000000000000000000000000
            0.000000000000000000000000000000000
      7000000.000000000000000000000000000000000
      7000000.000000000000000000000000000000000
      7000000.000000000000000000000000000000000
           -0.158127346525227918672129590049735
            0.000001259153399999999888272321329
           -0.027626960732107717216843312257879
            0.142516275100000006093026172493410
            0.000000000000000000000000000000000
            0.000000000000000000000000000000000
           -0.087382366067703179379755340505653
            0.000001259153399999999888272321329
            0.200693861355963731885054812664748
            0.142516275100000006093026172493410
            0.000000000000000000000000000000000
            0.000000000000000000000000000000000
      7000000.000000000000000000000000000000000
      7000000.000000000000000000000000000000000
      7000000.000000000000000000000000000000000
            0.099516750536763717849275678872800
            0.000001259153399999999888272321329
           -0.186635901931811787335391272790730
            0.142516275100000006093026172493410
            0.000000000000000000000000000000000
            0.000000000000000000000000000000000
            0.163568272241173234826661087026878
            0.000001259153399999999888272321329
            0.051349174849710313428552410641714
            0.142516275100000006093026172493410
            0.000000000000000000000000000000000
            0.000000000000000000000000000000000
      7000000.000000000000000000000000000000000
      7000000.000000000000000000000000000000000
      7000000.000000000000000000000000000000000
           -0.059159225390617346806987342233697
            0.000001259153399999999888272321329
            0.161174132354133581301880440150853
            0.142516275100000006093026172493410
            0.000000000000000000000000000000000
            0.000000000000000000000000000000000
            0.007599253842506254255639852601689
            0.000001259153399999999888272321329
            0.185053057464608677884498888488451
            0.142516275100000006093026172493410
            0.000000000000000000000000000000000
            0.000000000000000000000000000000000
      7000000.000000000000000000000000000000000
      7000000.000000000000000000000000000000000
      7000000.000000000000000000000000000000000
            0.045470004744832856480307725632883
            0.000001259153399999999888272321329
           -0.228617696624501903768234001290693
            0.142516275100000006093026172493410
            0.000000000000000000000000000000000
            0.000000000000000000000000000000000
            0.013263736441616710143298618618246
            0.000001259153399999999888272321329
           -0.213566681152788179209878194342309
            0.142516275100000006093026172493410
            0.000000000000000000000000000000000
            0.000000000000000000000000000000000
      7000000.000000000000000000000000000000000
      7000000.000000000000000000000000000000000
      7000000.000000000000000000000000000000000
           -0.020117571173645563964438309767502
            0.000001259153399999999888272321329
            0.207754484637920538991906482806371
            0.142516275100000006093026172493410
            0.000000000000000000000000000000000
            0.000000000000000000000000000000000
            0.182820420106125813841657645753003
            0.000001259153399999999888272321329
            0.111490890587768606834195850296965
            0.142516275100000006093026172493410
            0.000000000000000000000000000000000
            0.000000000000000000000000000000000
      7000000.000000000000000000000000000000000
      7000000.000000000000000000000000000000000
      7000000.000000000000000000000000000000000
           -0.073093985399470207120486975327367
            0.000001259153399999999888272321329
           -0.170161801375833698912742875108961
            0.142516275100000006093026172493410
            0.000000000000000000000000000000000
            0.000000000000000000000000000000000
            0.118955249377254199116826782756107
            0.000001259153399999999888272321329
            0.034300291505477253917177904440905
            0.142516275100000006093026172493410
            0.000000000000000000000000000000000
            0.000000000000000000000000000000000
      7000000.000000000000000000000000000000000
      7000000.000000000000000000000000000000000
      7000000.000000000000000000000000000000000
            0.170078615791027565329329718224471
            0.000001259153399999999888272321329
           -0.050517025753858177394839401586069
            0.142516275100000006093026172493410
            0.000000000000000000000000000000000
            0.000000000000000000000000000000000
            0.071619126867426788352055666564411
            0.000001259153399999999888272321329
            0.103275984181625396507442360416462
            0.142516275100000006093026172493410
            0.000000000000000000000000000000000
            0.000000000000000000000000000000000
      7000000.000000000000000000000000000000000
      7000000.000000000000000000000000000000000
      7000000.000000000000000000000000000000000
           -0.039214492864191638488158275777096
            0.000001259153399999999888272321329
           -0.117013960505702882541889664480550
            0.142516275100000006093026172493410
            0.000000000000000000000000000000000
            0.000000000000000000000000000000000
            0.120044660393281280019728285424208
            0.000001259153399999999888272321329
           -0.126372671213144993629384771338664
            0.142516275100000006093026172493410
            0.000000000000000000000000000000000
            0.000000000000000000000000000000000
      7000000.000000000000000000000000000000000
      7000000.000000000000000000000000000000000
      7000000.000000000000000000000000000000000
            0.104935548660167604628767890062591
            0.000001259153399999999888272321329
           -0.164008573440017985101135877812339
            0.142516275100000006093026172493410
            0.000000000000000000000000000000000
            0.000000000000000000000000000000000
           -0.003978771422647416934614827965788
            0.000001259153399999999888272321329
           -0.207537752340522352323404220442171
            0.142516275100000006093026172493410
            0.000000000000000000000000000000000
            0.000000000000000000000000000000000
      7000000.000000000000000000000000000000000
      7000000.000000000000000000000000000000000
      7000000.000000000000000000000000000000000
           -0.042659924482379804611120732715790
            0.000001259153399999999888272321329
           -0.137132060219745249840528344975610
            0.142516275100000006093026172493410
            0.000000000000000000000000000000000
            0.000000000000000000000000000000000
           -0.175035630259874758207772060814023
            0.000001259153399999999888272321329
            0.073493112663069848355945623552543
            0.142516275100000006093026172493410
            0.000000000000000000000000000000000
            0.000000000000000000000000000000000
      7000000.000000000000000000000000000000000
      7000000.000000000000000000000000000000000
      7000000.000000000000000000000000000000000
            0.155782517750886528862253044280806
            0.000001259153399999999888272321329
           -0.067705211537098838880943674212176
            0.142516275100000006093026172493410
            0.000000000000000000000000000000000
            0.000000000000000000000000000000000
            0.081920512982821241942943402136734
            0.000001259153399999999888272321329
            0.189061192432870256441290734983340
            0.142516275100000006093026172493410
            0.000000000000000000000000000000000
            0.000000000000000000000000000000000
      7000000.000000000000000000000000000000000
      7000000.000000000000000000000000000000000
      7000000.000000000000000000000000000000000
