 60.000000  0.466362
 60.015625  0.439976
 60.031250  0.254361
 60.046875  0.234632
 60.062500  0.525530
 60.078125  0.680773
 60.093750  1.000000
 60.109375  0.461252
 60.125000  0.793637
 60.140625  0.530152
 60.156250  0.435354
 60.171875  0.304073
 60.187500  0.705409
 60.203125  0.431882
 60.218750  0.285060
 60.234375  0.550343
 60.250000  0.478091
 60.265625  0.152975
 60.281250  0.149468
 60.296875  0.469363
 60.312500  0.404874
 60.328125  0.556019
 60.343750  0.703490
 60.359375  0.249809
 60.375000  0.412416
 60.390625  0.063825
 60.406250  0.174173
 60.421875  0.404391
 60.437500  0.435363
 60.453125  0.274839
 60.468750  0.655938
 60.484375  0.646533
