
 ETALL    1, NO =    1, NV =    4, INA =  302
 *********************************************

    I  COEFFICIENT          ORDER   EXPONENTS
     1  0.19346377414481E-07    0     0 0  0 0
0.19346377414481E-07
     2  -.28634905250624        1     1 0  0 0
-.28634905250624    
     3  0.52097235817184        1     0 1  0 0
0.52097235817184    
     4  -.17822251833982E-02    1     0 0  1 0
-.17822251833982E-02
     5  -.83128448834344E-03    1     0 0  0 1
-.83128448834344E-03
                                      

 ETALL    2, NO =    1, NV =    4, INA =  303
 *********************************************

    I  COEFFICIENT          ORDER   EXPONENTS
     1  0.10387923804830E-06    0     0 0  0 0
0.10387923804830E-06
     2  -1.7260869720972        1     1 0  0 0
-1.7260869720972    
     3  -.35185436513026        1     0 1  0 0
-.35185436513026    
     4  -.32614186155733E-03    1     0 0  1 0
-.32614186155733E-03
     5  -.19676293843032E-02    1     0 0  0 1
-.19676293843032E-02
                                      

 ETALL    3, NO =    1, NV =    4, INA =  304
 *********************************************

    I  COEFFICIENT          ORDER   EXPONENTS
     1  0.42959361090146E-08    0     0 0  0 0
0.42959361090146E-08
     2  -.18364528696611E-02    1     1 0  0 0
-.18364528696611E-02
     3  -.87533985746296E-03    1     0 1  0 0
-.87533985746296E-03
     4  -.35461132411630        1     0 0  1 0
-.35461132411630    
     5  0.51206270533117        1     0 0  0 1
0.51206270533117    
                                      

 ETALL    4, NO =    1, NV =    4, INA =  305
 *********************************************

    I  COEFFICIENT          ORDER   EXPONENTS
     1  0.14249999723820        0     0 0  0 0
0.14249999723820    
     2  -.29074407205549E-03    1     1 0  0 0
-.29074407205549E-03
     3  -.19004799290508E-02    1     0 1  0 0
-.19004799290508E-02
     4  -1.6804059598927        1     0 0  1 0
-1.6804059598927    
     5  -.39345484200966        1     0 0  0 1
-.39345484200966    
                                      
