                      0.038986177638849234261542164858838
                     -0.058717449250287732931408157810438
                      0.051478782705245862416632007807493
                      0.065990300112172134427979131032771
                      0.000000000000000000000000000000000
                      0.000000000000000000000000000000000
                   1549.886529388315466349013149738311768
          ***********************************************
                    181.634378063420740545552689582109451
          ***********************************************
                      0.000000000000000000000000000000000
                      0.000000000000000000000000000000000
                7000000.000000000000000000000000000000011
                7000000.000000000000000000000000000000011
                7000000.000000000000000000000000000000011
                     -0.002893646220382677103355462122636
                     -0.064677856435537972590310573650640
                     -0.059649735033680539864064940047683
                      0.099791198809084338816610681988095
                      0.000000000000000000000000000000000
                      0.000000000000000000000000000000000
                      0.112945774376211741096831531194766
                     -0.147016528112330152611164635345631
                      0.095093047990551557435701113263349
                      0.221385220154389911195735862747824
                      0.000000000000000000000000000000000
                      0.000000000000000000000000000000000
                7000000.000000000000000000000000000000011
                7000000.000000000000000000000000000000011
                7000000.000000000000000000000000000000011
                      0.171205292240397877190360986787709
                      0.154771402012350345334112944328808
                      0.086289715246613510335471630696702
                      0.189161540533092253912883506927756
                      0.000000000000000000000000000000000
                      0.000000000000000000000000000000000
                      0.025926428684235443972161405667975
                      0.113224560073115126934695240379369
                      0.015360585121918079315461724831948
                      0.154448615845528158807553609221941
                      0.000000000000000000000000000000000
                      0.000000000000000000000000000000000
                7000000.000000000000000000000000000000011
                7000000.000000000000000000000000000000011
                7000000.000000000000000000000000000000011
                     -0.072004606526620454354237210736756
                      0.173977854306968077180428622341424
                     -0.191823515459990906473208838178834
                      0.216507122772308574498723032775160
                      0.000000000000000000000000000000000
                      0.000000000000000000000000000000000
                      0.018550172839818197811911915096061
                     -0.351852504118496667295801216823747
                      0.060193479860428805716665578984248
                     -0.006105300201705575122157476641860
                      0.000000000000000000000000000000000
                      0.000000000000000000000000000000000
                7000000.000000000000000000000000000000011
                7000000.000000000000000000000000000000011
                7000000.000000000000000000000000000000011
                      0.030361888886456859376616890244804
                      0.124760476205543854866242270418297
                     -0.223976075739543700748868104710709
                      0.385612736239646147762272221370949
                      0.000000000000000000000000000000000
                      0.000000000000000000000000000000000
                     -0.075594894442646928811591067187692
                     -0.135561288886302783174286901157757
                      0.090253049483207711811694196057942
                      0.119146938771271360124615057429764
                      0.000000000000000000000000000000000
                      0.000000000000000000000000000000000
                7000000.000000000000000000000000000000011
                7000000.000000000000000000000000000000011
                7000000.000000000000000000000000000000011
                      0.078637964815379213234791677678004
                     -0.208458822766118517799682763325109
                     -0.056803554368343348035530482320610
                      0.213684629568257927756391723050911
                      0.000000000000000000000000000000000
                      0.000000000000000000000000000000000
                     -0.068630572910011011789066515120794
                     -0.186090118792152398041750416268769
                     -0.117390249093595369633824532229482
                      0.196818738694962885871220237277157
                      0.000000000000000000000000000000000
                      0.000000000000000000000000000000000
                7000000.000000000000000000000000000000011
                7000000.000000000000000000000000000000011
                7000000.000000000000000000000000000000011
                      0.062451631891661363304990572942188
                      0.091302638450668618941286069912167
                      0.028120894022254851185582680273001
                      0.207974617488086765959565127559472
                      0.000000000000000000000000000000000
                      0.000000000000000000000000000000000
                     -0.053384522344267659743621834422811
                      0.005740772623764316996697321116017
                      0.035332044993731770432532357517630
                      0.130566406327714157331598698874586
                      0.000000000000000000000000000000000
                      0.000000000000000000000000000000000
                7000000.000000000000000000000000000000011
                7000000.000000000000000000000000000000011
                7000000.000000000000000000000000000000011
                     -0.008696982744175922944163126260264
                     -0.302431302179495209436765890131937
                     -0.088884034848089890634703635896585
                      0.136126853902229283388436442692182
                      0.000000000000000000000000000000000
                      0.000000000000000000000000000000000
                      0.035454391202653638692776638663418
                     -0.032957799325007523794095476432631
                      0.016100091571902792886294975005512
                      0.312170714179189401349390209361445
                      0.000000000000000000000000000000000
                      0.000000000000000000000000000000000
                7000000.000000000000000000000000000000011
                7000000.000000000000000000000000000000011
                7000000.000000000000000000000000000000011
                      0.045313587735945203005538672869079
                      0.000839937284116777215653426580388
                      0.014998661196122007460695968461550
                      0.021926181468696140375307379599690
                      0.000000000000000000000000000000000
                      0.000000000000000000000000000000000
                      0.025255718335690440640162179875006
                      0.001539573002550268182933579375060
                     -0.055036891886176268762209673468533
                     -0.047209054215086761197017750646410
                      0.000000000000000000000000000000000
                      0.000000000000000000000000000000000
                7000000.000000000000000000000000000000011
                7000000.000000000000000000000000000000011
                7000000.000000000000000000000000000000011
                      0.052187876539488607663397345959311
                     -0.215192555591675688253516796066833
                     -0.068369257548894168952102745606680
                     -0.031167614084413975544807229312028
                      0.000000000000000000000000000000000
                      0.000000000000000000000000000000000
                      0.112188009849900835468439197484258
                     -0.121365478629701525892237157222553
                      0.086082779754834706786859044314042
                      0.082504433703546542488993509323336
                      0.000000000000000000000000000000000
                      0.000000000000000000000000000000000
                7000000.000000000000000000000000000000011
                7000000.000000000000000000000000000000011
                7000000.000000000000000000000000000000011
                      0.106354723665717465497237981253420
                      0.075895870987476077296207677136408
                      0.032658859519104570245939811456992
                      0.355962970775184517346900747725158
                      0.000000000000000000000000000000000
                      0.000000000000000000000000000000000
                     -0.005493917367211558974715579495296
                     -0.088295421262222270608610585895804
                     -0.025231793445595489949750955815944
                     -0.051246683247969340713190433689306
                      0.000000000000000000000000000000000
                      0.000000000000000000000000000000000
                7000000.000000000000000000000000000000011
                7000000.000000000000000000000000000000011
                7000000.000000000000000000000000000000011
                     -0.036547525274132901251800120689950
                      0.140674142659537454447260529377672
                     -0.188878077144483819127529500292439
                     -0.008370942761687944627668755970262
                      0.000000000000000000000000000000000
                      0.000000000000000000000000000000000
                     -0.130204836871120499530718461755896
                     -0.048119978477295460850271524577693
                     -0.023619307198515054196930051944037
                      0.013668931474759924565853808076099
                      0.000000000000000000000000000000000
                      0.000000000000000000000000000000000
                7000000.000000000000000000000000000000011
                7000000.000000000000000000000000000000011
                7000000.000000000000000000000000000000011
                     -0.106573867826716531248543162746500
                      0.073619220347170846729945026254427
                      0.059631590356696947963222044108988
                      0.399555524981458187738780907238834
                      0.000000000000000000000000000000000
                      0.000000000000000000000000000000000
                      0.018204453308243259690435422726296
                      0.131159867264696139432800237045740
                     -0.142378314167951297575243074788887
                      0.207957641682101374014379757682036
                      0.000000000000000000000000000000000
                      0.000000000000000000000000000000000
                7000000.000000000000000000000000000000011
                7000000.000000000000000000000000000000011
                7000000.000000000000000000000000000000011
                     -0.030145975731426875865448522517909
                     -0.034770751794267973355800904755597
                      0.043177491715689603202221746869327
                      0.448667982969671919057930153940106
                      0.000000000000000000000000000000000
                      0.000000000000000000000000000000000
            45703888111.740516662597656250000000000009927
            33781317281.590827941894531250000000000007338
           478958011052.050170898437500000000000000104036
           364782062824.540649414062500000000000000079235
                      0.000000000000000000000000000000000
                      0.000000000000000000000000000000000
                7000000.000000000000000000000000000000011
                7000000.000000000000000000000000000000011
                7000000.000000000000000000000000000000011
                      0.053780727125759930640214179220493
                      0.254888052032085865583610484463861
                      0.013332709990003008271308715393388
                      0.209252117424401334888628412045364
                      0.000000000000000000000000000000000
                      0.000000000000000000000000000000000
                     -0.106807469338344326881262702499953
                      0.015072779542494859489343284053575
                      0.178141119169144934719639650211320
                      0.054950864969597355835784213695661
                      0.000000000000000000000000000000000
                      0.000000000000000000000000000000000
                7000000.000000000000000000000000000000011
                7000000.000000000000000000000000000000011
                7000000.000000000000000000000000000000011
                      0.024031017059676050562355698048123
                     -0.008455837484420938160445402331789
                     -0.003865333525077871684033636867639
                      0.141178631569455925731659817756736
                      0.000000000000000000000000000000000
                      0.000000000000000000000000000000000
                      0.087624583160005584114848886656546
                      0.089686498978010870120058939392038
                      0.008335872439202087272325236710913
                     -0.043442147753773779905728247285879
                      0.000000000000000000000000000000000
                      0.000000000000000000000000000000000
                7000000.000000000000000000000000000000011
                7000000.000000000000000000000000000000011
                7000000.000000000000000000000000000000011
                     -0.024336281122319981806700894821915
                     -0.165334594856908018156715911572974
                      0.032180738898809631287623034268108
                      0.088126007755284507805271232427913
                      0.000000000000000000000000000000000
                      0.000000000000000000000000000000000
                      0.039242201657981770623884187898511
                     -0.235548822471170454795341697717959
                     -0.021766377480690764917303781089686
                      0.099965005925956321175540608692245
                      0.000000000000000000000000000000000
                      0.000000000000000000000000000000000
                7000000.000000000000000000000000000000011
                7000000.000000000000000000000000000000011
                7000000.000000000000000000000000000000011
                     -0.050463820381001292525446899617236
                      0.098884406298764979115212270244228
                      0.034232606455145718482580008412697
                      0.254288607416800260807576705701649
                      0.000000000000000000000000000000000
                      0.000000000000000000000000000000000
          ***********************************************
          ***********************************************
          ***********************************************
          ***********************************************
                      0.000000000000000000000000000000000
                      0.000000000000000000000000000000000
                7000000.000000000000000000000000000000011
                7000000.000000000000000000000000000000011
                7000000.000000000000000000000000000000011
                     -0.078256529758724976963968344989553
                     -0.323045488090632881839070478235953
                     -0.071285219410981121024306617073307
                      0.078627374204709832294923899098649
                      0.000000000000000000000000000000000
                      0.000000000000000000000000000000000
                     -0.073514923329494330506150845394586
                      0.164095303868067643460193494320265
                      0.157176823295931550328319303844182
                      0.134299769661157530897810374881374
                      0.000000000000000000000000000000000
                      0.000000000000000000000000000000000
                7000000.000000000000000000000000000000011
                7000000.000000000000000000000000000000011
                7000000.000000000000000000000000000000011
                      0.008984823176240927522506751756737
                      0.017596118187891123668675774638359
                     -0.032758823280453520931931876702947
                      0.234347206727467893827565603714902
                      0.000000000000000000000000000000000
                      0.000000000000000000000000000000000
          1600674365297.760986328125000000000000002486800
            58723103879.045684814453125000000000000012755
          ***********************************************
          ***********************************************
                      0.000000000000000000000000000000000
                      0.000000000000000000000000000000000
                7000000.000000000000000000000000000000011
                7000000.000000000000000000000000000000011
                7000000.000000000000000000000000000000011
                      0.008131331589910995374936852897463
                     -0.007787758432454119049415108833045
                      0.091952515263949416435274031300651
                     -0.045527283889720930598610237893809
                      0.000000000000000000000000000000000
                      0.000000000000000000000000000000000
                     -0.034217755142575308202612660579689
                      0.021909851716832740020635128530557
                     -0.168304858099604492949197265261319
                      0.048460969749923595017992994371525
                      0.000000000000000000000000000000000
                      0.000000000000000000000000000000000
                7000000.000000000000000000000000000000011
                7000000.000000000000000000000000000000011
                7000000.000000000000000000000000000000011
                     -0.136903904384910901637084634785424
                     -0.096451963594455417116968476420880
                     -0.069532817957228626459809106563625
                      0.465902757339457074259314595110482
                      0.000000000000000000000000000000000
                      0.000000000000000000000000000000000
                     -5.449213346888916120747126115020365
                     -4.141418132992770395617299072910100
                  -3068.427531465687025047373026609420776
                  -2421.561521809269379446050152182579041
                      0.000000000000000000000000000000000
                      0.000000000000000000000000000000000
                7000000.000000000000000000000000000000011
                7000000.000000000000000000000000000000011
                7000000.000000000000000000000000000000011
                   1166.571326817527733510360121726989746
                    387.244661646757208472990896552801132
                  -1711.710578325348933503846637904644012
                   -525.944020590628497302532196044921875
                      0.000000000000000000000000000000000
                      0.000000000000000000000000000000000
                     -0.103094363122745891203635437705088
                      0.052431008958591436563967391748520
                     -0.064966684743984523531246111360815
                      0.205453628803318771867125747121463
                      0.000000000000000000000000000000000
                      0.000000000000000000000000000000000
                7000000.000000000000000000000000000000011
                7000000.000000000000000000000000000000011
                7000000.000000000000000000000000000000011
                     -0.099158020150869927156200844819978
                      0.117102888516651876260610265489959
                     -0.136158550066411893064710625367297
                     -0.000908480063706310981067049148407
                      0.000000000000000000000000000000000
                      0.000000000000000000000000000000000
                      0.002662203623417519135485598269497
                      0.165952391126676729316002933956042
                      0.035098232655025207726851022016490
                      0.149952243741903884499677701569453
                      0.000000000000000000000000000000000
                      0.000000000000000000000000000000000
                7000000.000000000000000000000000000000011
                7000000.000000000000000000000000000000011
                7000000.000000000000000000000000000000011
                      0.099733921638440428680816296491685
                      0.198875555335941395229681916134723
                      0.148777677581218487068426270525379
                      0.176730458889507446862410233734408
                      0.000000000000000000000000000000000
                      0.000000000000000000000000000000000
                      0.113171596338126997927098216223385
                      0.203349460492769751329689142949064
                      0.070099272279002075580756070394273
                      0.268933282452862632005974319326924
                      0.000000000000000000000000000000000
                      0.000000000000000000000000000000000
                7000000.000000000000000000000000000000011
                7000000.000000000000000000000000000000011
                7000000.000000000000000000000000000000011
                     -0.034168914164904008734513496392537
                     -0.243347144299169843018049164129479
                      0.035609819303127308864898026286028
                      0.331070959741806336573688440694241
                      0.000000000000000000000000000000000
                      0.000000000000000000000000000000000
                      0.022204076886761979492401763991438
                      0.228502991221876144978253364570264
                      0.102140474509714640483082348509924
                     -0.142415164296548102385031597805209
                      0.000000000000000000000000000000000
                      0.000000000000000000000000000000000
                7000000.000000000000000000000000000000011
                7000000.000000000000000000000000000000011
                7000000.000000000000000000000000000000011
                     -0.102072560322532798759986860659410
                      0.033740061208497554301466436754708
                      0.184105230369017575098311567671772
                      0.134786656811053284776846794557059
                      0.000000000000000000000000000000000
                      0.000000000000000000000000000000000
                      0.043248832081568523710846108087935
                      0.200758377543255123187648791827087
                     -0.003812228348329263841187675154742
                      0.119679862311046089629051891733980
                      0.000000000000000000000000000000000
                      0.000000000000000000000000000000000
                7000000.000000000000000000000000000000011
                7000000.000000000000000000000000000000011
                7000000.000000000000000000000000000000011
                      0.073666811204849524941096206021030
                     -0.034132047837019008351688853508676
                      0.057395464996844405836107227969478
                     -0.197290510484919745515242084366037
                      0.000000000000000000000000000000000
                      0.000000000000000000000000000000000
                      0.030010682119176998461362870784797
                      0.129992719008151624837665849554469
                     -0.014083695798800293513819426038935
                      0.305785910658810666795659471972613
                      0.000000000000000000000000000000000
                      0.000000000000000000000000000000000
                7000000.000000000000000000000000000000011
                7000000.000000000000000000000000000000011
                7000000.000000000000000000000000000000011
                     -0.070705996440091012367190614895662
                     -0.309015845863936600146359978680266
                      0.064024775751098814136064163449191
                      0.134258520804717840224640212909435
                      0.000000000000000000000000000000000
                      0.000000000000000000000000000000000
                     -0.056119178314352348435622985789450
                      0.210691958218378577738505441629968
                     -0.112883576057907747403064036006981
                      0.155516697717357377239721927253413
                      0.000000000000000000000000000000000
                      0.000000000000000000000000000000000
                7000000.000000000000000000000000000000011
                7000000.000000000000000000000000000000011
                7000000.000000000000000000000000000000011
                     -0.000766150470457526398815328860792
                     -0.165495910398047091360851368335716
                     -0.106027314061047636672974192606489
                     -0.083120186881614030460774245057110
                      0.000000000000000000000000000000000
                      0.000000000000000000000000000000000
                     -0.030031099670099020010338719544052
                      0.081504082685942350061658601134695
                     -0.165052481145390173011833212513011
                     -0.043428242217731415075743228726424
                      0.000000000000000000000000000000000
                      0.000000000000000000000000000000000
                7000000.000000000000000000000000000000011
                7000000.000000000000000000000000000000011
                7000000.000000000000000000000000000000011
                      0.020129028289647275112850266509668
                     -0.087302195005566740615421394977602
                      0.006554831641765476377137211727586
                      0.022604656445502763900678999675620
                      0.000000000000000000000000000000000
                      0.000000000000000000000000000000000
                   1549.886529388315466349013149738311768
          ***********************************************
                    181.634378063420740545552689582109451
          ***********************************************
                      0.000000000000000000000000000000000
                      0.000000000000000000000000000000000
                7000000.000000000000000000000000000000011
                7000000.000000000000000000000000000000011
                7000000.000000000000000000000000000000011
                      0.037177181740854062241830035873136
                      0.001503148826386512112648907724122
                      0.046162222723871666751893627633763
                      0.219428968563368048672046484171005
                      0.000000000000000000000000000000000
                      0.000000000000000000000000000000000
                     -0.048393029313046391493013942408652
                      0.258825647600914920953840692163794
                      0.076314688609009612152433987830591
                      0.245819737900630330695861403000890
                      0.000000000000000000000000000000000
                      0.000000000000000000000000000000000
                7000000.000000000000000000000000000000011
                7000000.000000000000000000000000000000011
                7000000.000000000000000000000000000000011
                      0.151237463782370351594863677746616
                      0.171022366440633066808629791921703
                     -0.014118571678842414471310995338627
                      0.358160408634196902877278034793562
                      0.000000000000000000000000000000000
                      0.000000000000000000000000000000000
                      0.049079922586387762784010391214906
                     -0.085008452888913843548124305016245
                      0.006647644271812323812920197951826
                      0.178548605066392529483465523298946
                      0.000000000000000000000000000000000
                      0.000000000000000000000000000000000
                7000000.000000000000000000000000000000011
                7000000.000000000000000000000000000000011
                7000000.000000000000000000000000000000011
                      0.013562261706358205368139202562361
                      0.045237885193892955759675800209152
                      0.129783715390113185694787034663022
                     -0.141790891161053173030737184490135
                      0.000000000000000000000000000000000
                      0.000000000000000000000000000000000
                     -0.119632566969015488589356266402319
                      0.255933791428782919652462624071632
                     -0.028330262991454389226442245330873
                      0.025978393654300425269498830971315
                      0.000000000000000000000000000000000
                      0.000000000000000000000000000000000
                7000000.000000000000000000000000000000011
                7000000.000000000000000000000000000000011
                7000000.000000000000000000000000000000011
              -33294907.295578792691230773925781249999965
          ***********************************************
               44131345.061345160007476806640624999999954
          ***********************************************
                      0.000000000000000000000000000000000
                      0.000000000000000000000000000000000
                      0.018313024111000213156597027364114
                      0.180209636994108246543788709459477
                      0.081375282944871854540203059968917
                      0.096055486313638666073799754485663
                      0.000000000000000000000000000000000
                      0.000000000000000000000000000000000
                7000000.000000000000000000000000000000011
                7000000.000000000000000000000000000000011
                7000000.000000000000000000000000000000011
                      0.019607480669601572154103763523381
                      0.258058554933883299575825276406249
                     -0.011365241641447971013278994689699
                      0.034604950121097648174650629471216
                      0.000000000000000000000000000000000
                      0.000000000000000000000000000000000
                     -0.045786438554169597847653960798198
                     -0.195161208996070784094101213668182
                     -0.016685867585827889730820672298250
                     -0.089387284694280977337399463067413
                      0.000000000000000000000000000000000
                      0.000000000000000000000000000000000
                7000000.000000000000000000000000000000011
                7000000.000000000000000000000000000000011
                7000000.000000000000000000000000000000011
                      0.018198038345599361342852517964275
                      0.138100475885156198652126136039442
                     -0.007764323005055415345687652717288
                      0.223723516364864954963920240516018
                      0.000000000000000000000000000000000
                      0.000000000000000000000000000000000
                      0.053103059993684725847984395841195
                     -0.017062175340370133724832157895435
                     -0.032329575194226065071312348209176
                      0.165625123061127116352864163673075
                      0.000000000000000000000000000000000
                      0.000000000000000000000000000000000
                7000000.000000000000000000000000000000011
                7000000.000000000000000000000000000000011
                7000000.000000000000000000000000000000011
                      0.023232262677878836448774890754976
                     -0.288041783187249544884167562486255
                     -0.000553153522041795880914705207942
                     -0.074579997602447017923665839589376
                      0.000000000000000000000000000000000
                      0.000000000000000000000000000000000
                     -0.019200286704507116275486566792097
                      0.064994490137876614888057247299002
                     -0.077342959650245998726170171266858
                      0.217910244608189307413681490288582
                      0.000000000000000000000000000000000
                      0.000000000000000000000000000000000
                7000000.000000000000000000000000000000011
                7000000.000000000000000000000000000000011
                7000000.000000000000000000000000000000011
                     -0.042773380546061653961764648101962
                     -0.010122962861004513451801400947261
                      0.061254561636345745967435760803710
                      0.197284002523544055307525013631675
                      0.000000000000000000000000000000000
                      0.000000000000000000000000000000000
                     -0.018049337747399807341253108461387
                      0.026921777758310807410202514233788
                      0.116201237449336414186973343021236
                      0.109197068623092238826011168839614
                      0.000000000000000000000000000000000
                      0.000000000000000000000000000000000
                7000000.000000000000000000000000000000011
                7000000.000000000000000000000000000000011
                7000000.000000000000000000000000000000011
                     -0.094003200623531846247260546078905
                      0.102176178863117805839522134192521
                      0.126692103494747188019431405336945
                      0.093638866464250805621283291202417
                      0.000000000000000000000000000000000
                      0.000000000000000000000000000000000
                      0.054024118685858039945468789255756
                      0.227716710768118696384121335540840
                      0.090464030650639987163330602015776
                      0.136494083325733539524549087218475
                      0.000000000000000000000000000000000
                      0.000000000000000000000000000000000
                7000000.000000000000000000000000000000011
                7000000.000000000000000000000000000000011
                7000000.000000000000000000000000000000011
                     -0.028697995465041842289011242428387
                     -0.189378336357954063506880970635393
                     -0.112889401100485758933089641686820
                      0.164835292798774957212515346327564
                      0.000000000000000000000000000000000
                      0.000000000000000000000000000000000
                      0.043569321544621064656865883080172
                     -0.036487862006931527647513036072269
                      0.095981859747097608703825244447216
                      0.048319215379210848915203513342931
                      0.000000000000000000000000000000000
                      0.000000000000000000000000000000000
                7000000.000000000000000000000000000000011
                7000000.000000000000000000000000000000011
                7000000.000000000000000000000000000000011
                      0.029346318360408706060749040034352
                      0.132688115942809631286891658419336
                      0.155104331350328611405231526987336
                      0.402204142070818615462002298954758
                      0.000000000000000000000000000000000
                      0.000000000000000000000000000000000
                     -0.140739975780424186879713488451671
                     -0.064911940766076814401941419419018
                     -0.031942130517559091940071880344476
                      0.023830215680985897958032992960398
                      0.000000000000000000000000000000000
                      0.000000000000000000000000000000000
                7000000.000000000000000000000000000000011
                7000000.000000000000000000000000000000011
                7000000.000000000000000000000000000000011
                     -0.112314808163903420701323909725033
                      0.027328772627233009762104387618820
                     -0.095212092143403537214396692434093
                     -0.007082440448205846311724442898594
                      0.000000000000000000000000000000000
                      0.000000000000000000000000000000000
                      0.063429780690311854396412627465907
                     -0.240950289579459381306136833700293
                     -0.093366054495272007840434014269704
                     -0.093998447560052891813775488571991
                      0.000000000000000000000000000000000
                      0.000000000000000000000000000000000
                7000000.000000000000000000000000000000011
                7000000.000000000000000000000000000000011
                7000000.000000000000000000000000000000011
                     -0.025531042310254426636051405807848
                      0.009205269053056379033317391247238
                      0.156509793744616626520738122962939
                      0.336117162690494242216487918994972
                      0.000000000000000000000000000000000
                      0.000000000000000000000000000000000
            45703888111.740516662597656250000000000009927
            33781317281.590827941894531250000000000007338
           478958011052.050170898437500000000000000104036
           364782062824.540649414062500000000000000079235
                      0.000000000000000000000000000000000
                      0.000000000000000000000000000000000
                7000000.000000000000000000000000000000011
                7000000.000000000000000000000000000000011
                7000000.000000000000000000000000000000011
                      0.147856746711423153728404145113018
                     -0.013527227435745430364488761654229
                      0.005448406541236973030239987281220
                      0.138261738044979543005297273339238
                      0.000000000000000000000000000000000
                      0.000000000000000000000000000000000
                     -0.043564233213068070948992271951283
                     -0.232742253795524989268272975095897
                     -0.051134100307223512293930411942711
                     -0.206678239829328452836776364165416
                      0.000000000000000000000000000000000
                      0.000000000000000000000000000000000
                7000000.000000000000000000000000000000011
                7000000.000000000000000000000000000000011
                7000000.000000000000000000000000000000011
                      0.022891463278857753643746875127363
                     -0.016613659566130957456753236556324
                     -0.003501909888524434247975003486886
                      0.139972135180727264014421962201595
                      0.000000000000000000000000000000000
                      0.000000000000000000000000000000000
                     -0.006697121551372886907871340156362
                      0.188188973727043712402817732254334
                     -0.090723983799562479823919147747802
                      0.086998068225463812130904273089982
                      0.000000000000000000000000000000000
                      0.000000000000000000000000000000000
                7000000.000000000000000000000000000000011
                7000000.000000000000000000000000000000011
                7000000.000000000000000000000000000000011
                     -0.077850935176647026447760424616718
                      0.104219182551984215767681973829895
                     -0.001714245530731870435781072359305
                      0.203270068618499555324063976513571
                      0.000000000000000000000000000000000
                      0.000000000000000000000000000000000
                      0.106003236109401266507035188624286
                      0.146829663813543509487402616287000
                      0.011182285119404470827286779410770
                      0.136004073826021060211743929357908
                      0.000000000000000000000000000000000
                      0.000000000000000000000000000000000
                7000000.000000000000000000000000000000011
                7000000.000000000000000000000000000000011
                7000000.000000000000000000000000000000011
                     -0.009943531401349467793715497521134
                      0.129374927432908543023515335335105
                     -0.034584423857600861407224357435553
                      0.250675304858674952157571169664152
                      0.000000000000000000000000000000000
                      0.000000000000000000000000000000000
          ***********************************************
          ***********************************************
          ***********************************************
          ***********************************************
                      0.000000000000000000000000000000000
                      0.000000000000000000000000000000000
                7000000.000000000000000000000000000000011
                7000000.000000000000000000000000000000011
                7000000.000000000000000000000000000000011
                      0.134140008752645756295862611295888
                      0.308626566655801348737497846741462
                     -0.064371923178423523514979365245381
                      0.052416314372501722484987141115198
                      0.000000000000000000000000000000000
                      0.000000000000000000000000000000000
                      0.006777465295516012580567810630328
                     -0.150022628161092769216722331293568
                     -0.096685584294645174341376048232632
                      0.361136226819514238872699252169696
                      0.000000000000000000000000000000000
                      0.000000000000000000000000000000000
                7000000.000000000000000000000000000000011
                7000000.000000000000000000000000000000011
                7000000.000000000000000000000000000000011
                     -0.000397704634362954553145064195974
                      0.022589556814949784957491374370875
                     -0.023860917626276737651958015362652
                      0.040083537722711393147534408853971
                      0.000000000000000000000000000000000
                      0.000000000000000000000000000000000
          1600674365297.760986328125000000000000002486800
            58723103879.045684814453125000000000000012755
          ***********************************************
          ***********************************************
                      0.000000000000000000000000000000000
                      0.000000000000000000000000000000000
                7000000.000000000000000000000000000000011
                7000000.000000000000000000000000000000011
                7000000.000000000000000000000000000000011
                      0.011419880992705834510392293168479
                      0.000806546003861646461710610545026
                      0.007960103244680870673843919860246
                      0.397228200634573869187704531213967
                      0.000000000000000000000000000000000
                      0.000000000000000000000000000000000
                     -0.057346284184453977239570576784899
                      0.122646623279966060504619917992386
                      0.140706762481519642715710460834089
                      0.346424254784404694884614173133741
                      0.000000000000000000000000000000000
                      0.000000000000000000000000000000000
                7000000.000000000000000000000000000000011
                7000000.000000000000000000000000000000011
                7000000.000000000000000000000000000000011
                      0.022050291185189592468862684881969
                      0.200097306467787922068524153473845
                      0.152751950814835418812620559947391
                      0.347511632507307599571078071676311
                      0.000000000000000000000000000000000
                      0.000000000000000000000000000000000
                     -5.449213346888916120747126115020365
                     -4.141418132992770395617299072910100
                  -3068.427531465687025047373026609420776
                  -2421.561521809269379446050152182579041
                      0.000000000000000000000000000000000
                      0.000000000000000000000000000000000
                7000000.000000000000000000000000000000011
                7000000.000000000000000000000000000000011
                7000000.000000000000000000000000000000011
                   1166.571326817527733510360121726989746
                    387.244661646757208472990896552801132
                  -1711.710578325348933503846637904644012
                   -525.944020590628497302532196044921875
                      0.000000000000000000000000000000000
                      0.000000000000000000000000000000000
                     -0.086593679881093552075377317578386
                      0.092523568502549322078998272900208
                      0.043158617283314597290466707590895
                      0.032131969439815270817017989202213
                      0.000000000000000000000000000000000
                      0.000000000000000000000000000000000
                7000000.000000000000000000000000000000011
                7000000.000000000000000000000000000000011
                7000000.000000000000000000000000000000011
                      0.008713709058872382701155245854352
                     -0.270460505822889107907514016915229
                     -0.022295734226602491323543375756344
                     -0.144788745692265963249667493073503
                      0.000000000000000000000000000000000
                      0.000000000000000000000000000000000
                      0.090165168480851723420421706123307
                      0.028546572272374445139453413844421
                      0.027240933802069745850449322688291
                      0.181406142199656256197570769472804
                      0.000000000000000000000000000000000
                      0.000000000000000000000000000000000
                7000000.000000000000000000000000000000011
                7000000.000000000000000000000000000000011
                7000000.000000000000000000000000000000011
              228246171.996333688497543334960937500000011
          ***********************************************
             -202125403.609304666519165039062500000000009
          ***********************************************
                      0.000000000000000000000000000000000
                      0.000000000000000000000000000000000
                     -0.124074465217305765496469405206881
                     -0.144156845240496350735170949519670
                      0.087273104425376890613819114150829
                      0.223750251715010728403854045609478
                      0.000000000000000000000000000000000
                      0.000000000000000000000000000000000
                7000000.000000000000000000000000000000011
                7000000.000000000000000000000000000000011
                7000000.000000000000000000000000000000011
                      0.126623252011741321831905793260376
                      0.151467129817737244934505724813789
                      0.088807714898139350490069432453311
                      0.086857790347419819299012999636034
                      0.000000000000000000000000000000000
                      0.000000000000000000000000000000000
                   2081.949609878393857798073440790176392
                   1274.269608628635751301771961152553558
                    884.060631151179450171184726059436798
                    452.286558076379606063710525631904602
                      0.000000000000000000000000000000000
                      0.000000000000000000000000000000000
                7000000.000000000000000000000000000000011
                7000000.000000000000000000000000000000011
                7000000.000000000000000000000000000000011
                      0.015374665730597109752908480118094
                     -0.139484174007459077460069352127903
                      0.001640386406042977640584723530992
                      0.432568285766816551518587630198454
                      0.000000000000000000000000000000000
                      0.000000000000000000000000000000000
                      0.060825973273184064105123525223462
                     -0.188961621374987953636548354552360
                     -0.010383370509107826482053660299698
                      0.182538348703372321768512165363063
                      0.000000000000000000000000000000000
                      0.000000000000000000000000000000000
                7000000.000000000000000000000000000000011
                7000000.000000000000000000000000000000011
                7000000.000000000000000000000000000000011
                     -0.002589315632804704055830447018138
                     -0.089620539228075002391449288552394
                      0.049720718198348529126562311830639
                     -0.249946476945332063390736720975838
                      0.000000000000000000000000000000000
                      0.000000000000000000000000000000000
                      0.055460468959157481483313034686944
                     -0.103095001977149214322793113751686
                     -0.085780964586466834642664025523118
                      0.080543176867812260599777118841303
                      0.000000000000000000000000000000000
                      0.000000000000000000000000000000000
                7000000.000000000000000000000000000000011
                7000000.000000000000000000000000000000011
                7000000.000000000000000000000000000000011
                     -0.032728756632783892466243003127602
                      0.319047873429935346933916662237607
                     -0.001714574981263480586007874606480
                      0.094229085855903893520491010349360
                      0.000000000000000000000000000000000
                      0.000000000000000000000000000000000
                      0.054257436466327635393724904133705
                      0.190948855743094642045676323505177
                     -0.096953107433313562291132825521345
                      0.159178066414896596247885440789105
                      0.000000000000000000000000000000000
                      0.000000000000000000000000000000000
                7000000.000000000000000000000000000000011
                7000000.000000000000000000000000000000011
                7000000.000000000000000000000000000000011
                      0.120642750962992095775661027801107
                      0.166472646711491839566221528912138
                     -0.087078306614400219354266141635890
                      0.383145102871286669099504251789767
                      0.000000000000000000000000000000000
                      0.000000000000000000000000000000000
                     -0.056648191772714011349432183806130
                     -0.000593103830791624829325836554261
                      0.109056697588822859579238411242841
                     -0.122830453440586948032908765071625
                      0.000000000000000000000000000000000
                      0.000000000000000000000000000000000
                7000000.000000000000000000000000000000011
                7000000.000000000000000000000000000000011
                7000000.000000000000000000000000000000011
                      0.020129028289647275112850266509668
                     -0.087302195005566740615421394977602
                      0.006554831641765476377137211727586
                      0.022604656445502763900678999675620
                      0.000000000000000000000000000000000
                      0.000000000000000000000000000000000
                   1549.886529388315466349013149738311768
          ***********************************************
                    181.634378063420740545552689582109451
          ***********************************************
                      0.000000000000000000000000000000000
                      0.000000000000000000000000000000000
                7000000.000000000000000000000000000000011
                7000000.000000000000000000000000000000011
                7000000.000000000000000000000000000000011
                      0.037177181740854062241830035873136
                      0.001503148826386512112648907724122
                      0.046162222723871666751893627633763
                      0.219428968563368048672046484171005
                      0.000000000000000000000000000000000
                      0.000000000000000000000000000000000
                     -0.048393029313046391493013942408652
                      0.258825647600914920953840692163794
                      0.076314688609009612152433987830591
                      0.245819737900630330695861403000890
                      0.000000000000000000000000000000000
                      0.000000000000000000000000000000000
                7000000.000000000000000000000000000000011
                7000000.000000000000000000000000000000011
                7000000.000000000000000000000000000000011
                      0.151237463782370351594863677746616
                      0.171022366440633066808629791921703
                     -0.014118571678842414471310995338627
                      0.358160408634196902877278034793562
                      0.000000000000000000000000000000000
                      0.000000000000000000000000000000000
                      0.049079922586387762784010391214906
                     -0.085008452888913843548124305016245
                      0.006647644271812323812920197951826
                      0.178548605066392529483465523298946
                      0.000000000000000000000000000000000
                      0.000000000000000000000000000000000
                7000000.000000000000000000000000000000011
                7000000.000000000000000000000000000000011
                7000000.000000000000000000000000000000011
                      0.013562261706358205368139202562361
                      0.045237885193892955759675800209152
                      0.129783715390113185694787034663022
                     -0.141790891161053173030737184490135
                      0.000000000000000000000000000000000
                      0.000000000000000000000000000000000
                     -0.119632566969015488589356266402319
                      0.255933791428782919652462624071632
                     -0.028330262991454389226442245330873
                      0.025978393654300425269498830971315
                      0.000000000000000000000000000000000
                      0.000000000000000000000000000000000
                7000000.000000000000000000000000000000011
                7000000.000000000000000000000000000000011
                7000000.000000000000000000000000000000011
              -33294907.295578792691230773925781249999965
          ***********************************************
               44131345.061345160007476806640624999999954
          ***********************************************
                      0.000000000000000000000000000000000
                      0.000000000000000000000000000000000
                      0.018313024111000213156597027364114
                      0.180209636994108246543788709459477
                      0.081375282944871854540203059968917
                      0.096055486313638666073799754485663
                      0.000000000000000000000000000000000
                      0.000000000000000000000000000000000
                7000000.000000000000000000000000000000011
                7000000.000000000000000000000000000000011
                7000000.000000000000000000000000000000011
                      0.019607480669601572154103763523381
                      0.258058554933883299575825276406249
                     -0.011365241641447971013278994689699
                      0.034604950121097648174650629471216
                      0.000000000000000000000000000000000
                      0.000000000000000000000000000000000
                     -0.045786438554169597847653960798198
                     -0.195161208996070784094101213668182
                     -0.016685867585827889730820672298250
                     -0.089387284694280977337399463067413
                      0.000000000000000000000000000000000
                      0.000000000000000000000000000000000
                7000000.000000000000000000000000000000011
                7000000.000000000000000000000000000000011
                7000000.000000000000000000000000000000011
                      0.018198038345599361342852517964275
                      0.138100475885156198652126136039442
                     -0.007764323005055415345687652717288
                      0.223723516364864954963920240516018
                      0.000000000000000000000000000000000
                      0.000000000000000000000000000000000
                      0.053103059993684725847984395841195
                     -0.017062175340370133724832157895435
                     -0.032329575194226065071312348209176
                      0.165625123061127116352864163673075
                      0.000000000000000000000000000000000
                      0.000000000000000000000000000000000
                7000000.000000000000000000000000000000011
                7000000.000000000000000000000000000000011
                7000000.000000000000000000000000000000011
                      0.023232262677878836448774890754976
                     -0.288041783187249544884167562486255
                     -0.000553153522041795880914705207942
                     -0.074579997602447017923665839589376
                      0.000000000000000000000000000000000
                      0.000000000000000000000000000000000
                     -0.019200286704507116275486566792097
                      0.064994490137876614888057247299002
                     -0.077342959650245998726170171266858
                      0.217910244608189307413681490288582
                      0.000000000000000000000000000000000
                      0.000000000000000000000000000000000
                7000000.000000000000000000000000000000011
                7000000.000000000000000000000000000000011
                7000000.000000000000000000000000000000011
                     -0.042773380546061653961764648101962
                     -0.010122962861004513451801400947261
                      0.061254561636345745967435760803710
                      0.197284002523544055307525013631675
                      0.000000000000000000000000000000000
                      0.000000000000000000000000000000000
                     -0.018049337747399807341253108461387
                      0.026921777758310807410202514233788
                      0.116201237449336414186973343021236
                      0.109197068623092238826011168839614
                      0.000000000000000000000000000000000
                      0.000000000000000000000000000000000
                7000000.000000000000000000000000000000011
                7000000.000000000000000000000000000000011
                7000000.000000000000000000000000000000011
                     -0.094003200623531846247260546078905
                      0.102176178863117805839522134192521
                      0.126692103494747188019431405336945
                      0.093638866464250805621283291202417
                      0.000000000000000000000000000000000
                      0.000000000000000000000000000000000
                      0.054024118685858039945468789255756
                      0.227716710768118696384121335540840
                      0.090464030650639987163330602015776
                      0.136494083325733539524549087218475
                      0.000000000000000000000000000000000
                      0.000000000000000000000000000000000
                7000000.000000000000000000000000000000011
                7000000.000000000000000000000000000000011
                7000000.000000000000000000000000000000011
                     -0.028697995465041842289011242428387
                     -0.189378336357954063506880970635393
                     -0.112889401100485758933089641686820
                      0.164835292798774957212515346327564
                      0.000000000000000000000000000000000
                      0.000000000000000000000000000000000
                      0.043569321544621064656865883080172
                     -0.036487862006931527647513036072269
                      0.095981859747097608703825244447216
                      0.048319215379210848915203513342931
                      0.000000000000000000000000000000000
                      0.000000000000000000000000000000000
                7000000.000000000000000000000000000000011
                7000000.000000000000000000000000000000011
                7000000.000000000000000000000000000000011
                      0.029346318360408706060749040034352
                      0.132688115942809631286891658419336
                      0.155104331350328611405231526987336
                      0.402204142070818615462002298954758
                      0.000000000000000000000000000000000
                      0.000000000000000000000000000000000
                     -0.140739975780424186879713488451671
                     -0.064911940766076814401941419419018
                     -0.031942130517559091940071880344476
                      0.023830215680985897958032992960398
                      0.000000000000000000000000000000000
                      0.000000000000000000000000000000000
                7000000.000000000000000000000000000000011
                7000000.000000000000000000000000000000011
                7000000.000000000000000000000000000000011
                     -0.112314808163903420701323909725033
                      0.027328772627233009762104387618820
                     -0.095212092143403537214396692434093
                     -0.007082440448205846311724442898594
                      0.000000000000000000000000000000000
                      0.000000000000000000000000000000000
                      0.063429780690311854396412627465907
                     -0.240950289579459381306136833700293
                     -0.093366054495272007840434014269704
                     -0.093998447560052891813775488571991
                      0.000000000000000000000000000000000
                      0.000000000000000000000000000000000
                7000000.000000000000000000000000000000011
                7000000.000000000000000000000000000000011
                7000000.000000000000000000000000000000011
                     -0.025531042310254426636051405807848
                      0.009205269053056379033317391247238
                      0.156509793744616626520738122962939
                      0.336117162690494242216487918994972
                      0.000000000000000000000000000000000
                      0.000000000000000000000000000000000
            45703888111.740516662597656250000000000009927
            33781317281.590827941894531250000000000007338
           478958011052.050170898437500000000000000104036
           364782062824.540649414062500000000000000079235
                      0.000000000000000000000000000000000
                      0.000000000000000000000000000000000
                7000000.000000000000000000000000000000011
                7000000.000000000000000000000000000000011
                7000000.000000000000000000000000000000011
                      0.147856746711423153728404145113018
                     -0.013527227435745430364488761654229
                      0.005448406541236973030239987281220
                      0.138261738044979543005297273339238
                      0.000000000000000000000000000000000
                      0.000000000000000000000000000000000
                     -0.043564233213068070948992271951283
                     -0.232742253795524989268272975095897
                     -0.051134100307223512293930411942711
                     -0.206678239829328452836776364165416
                      0.000000000000000000000000000000000
                      0.000000000000000000000000000000000
                7000000.000000000000000000000000000000011
                7000000.000000000000000000000000000000011
                7000000.000000000000000000000000000000011
                      0.022891463278857753643746875127363
                     -0.016613659566130957456753236556324
                     -0.003501909888524434247975003486886
                      0.139972135180727264014421962201595
                      0.000000000000000000000000000000000
                      0.000000000000000000000000000000000
                     -0.006697121551372886907871340156362
                      0.188188973727043712402817732254334
                     -0.090723983799562479823919147747802
                      0.086998068225463812130904273089982
                      0.000000000000000000000000000000000
                      0.000000000000000000000000000000000
                7000000.000000000000000000000000000000011
                7000000.000000000000000000000000000000011
                7000000.000000000000000000000000000000011
                     -0.077850935176647026447760424616718
                      0.104219182551984215767681973829895
                     -0.001714245530731870435781072359305
                      0.203270068618499555324063976513571
                      0.000000000000000000000000000000000
                      0.000000000000000000000000000000000
                      0.106003236109401266507035188624286
                      0.146829663813543509487402616287000
                      0.011182285119404470827286779410770
                      0.136004073826021060211743929357908
                      0.000000000000000000000000000000000
                      0.000000000000000000000000000000000
                7000000.000000000000000000000000000000011
                7000000.000000000000000000000000000000011
                7000000.000000000000000000000000000000011
                     -0.009943531401349467793715497521134
                      0.129374927432908543023515335335105
                     -0.034584423857600861407224357435553
                      0.250675304858674952157571169664152
                      0.000000000000000000000000000000000
                      0.000000000000000000000000000000000
          ***********************************************
          ***********************************************
          ***********************************************
          ***********************************************
                      0.000000000000000000000000000000000
                      0.000000000000000000000000000000000
                7000000.000000000000000000000000000000011
                7000000.000000000000000000000000000000011
                7000000.000000000000000000000000000000011
                      0.134140008752645756295862611295888
                      0.308626566655801348737497846741462
                     -0.064371923178423523514979365245381
                      0.052416314372501722484987141115198
                      0.000000000000000000000000000000000
                      0.000000000000000000000000000000000
                      0.006777465295516012580567810630328
                     -0.150022628161092769216722331293568
                     -0.096685584294645174341376048232632
                      0.361136226819514238872699252169696
                      0.000000000000000000000000000000000
                      0.000000000000000000000000000000000
                7000000.000000000000000000000000000000011
                7000000.000000000000000000000000000000011
                7000000.000000000000000000000000000000011
                     -0.000397704634362954553145064195974
                      0.022589556814949784957491374370875
                     -0.023860917626276737651958015362652
                      0.040083537722711393147534408853971
                      0.000000000000000000000000000000000
                      0.000000000000000000000000000000000
          1600674365297.760986328125000000000000002486800
            58723103879.045684814453125000000000000012755
          ***********************************************
          ***********************************************
                      0.000000000000000000000000000000000
                      0.000000000000000000000000000000000
                7000000.000000000000000000000000000000011
                7000000.000000000000000000000000000000011
                7000000.000000000000000000000000000000011
                      0.011419880992705834510392293168479
                      0.000806546003861646461710610545026
                      0.007960103244680870673843919860246
                      0.397228200634573869187704531213967
                      0.000000000000000000000000000000000
                      0.000000000000000000000000000000000
                     -0.057346284184453977239570576784899
                      0.122646623279966060504619917992386
                      0.140706762481519642715710460834089
                      0.346424254784404694884614173133741
                      0.000000000000000000000000000000000
                      0.000000000000000000000000000000000
                7000000.000000000000000000000000000000011
                7000000.000000000000000000000000000000011
                7000000.000000000000000000000000000000011
                      0.022050291185189592468862684881969
                      0.200097306467787922068524153473845
                      0.152751950814835418812620559947391
                      0.347511632507307599571078071676311
                      0.000000000000000000000000000000000
                      0.000000000000000000000000000000000
                     -5.449213346888916120747126115020365
                     -4.141418132992770395617299072910100
                  -3068.427531465687025047373026609420776
                  -2421.561521809269379446050152182579041
                      0.000000000000000000000000000000000
                      0.000000000000000000000000000000000
                7000000.000000000000000000000000000000011
                7000000.000000000000000000000000000000011
                7000000.000000000000000000000000000000011
                   1166.571326817527733510360121726989746
                    387.244661646757208472990896552801132
                  -1711.710578325348933503846637904644012
                   -525.944020590628497302532196044921875
                      0.000000000000000000000000000000000
                      0.000000000000000000000000000000000
                     -0.086593679881093552075377317578386
                      0.092523568502549322078998272900208
                      0.043158617283314597290466707590895
                      0.032131969439815270817017989202213
                      0.000000000000000000000000000000000
                      0.000000000000000000000000000000000
                7000000.000000000000000000000000000000011
                7000000.000000000000000000000000000000011
                7000000.000000000000000000000000000000011
                      0.008713709058872382701155245854352
                     -0.270460505822889107907514016915229
                     -0.022295734226602491323543375756344
                     -0.144788745692265963249667493073503
                      0.000000000000000000000000000000000
                      0.000000000000000000000000000000000
                      0.090165168480851723420421706123307
                      0.028546572272374445139453413844421
                      0.027240933802069745850449322688291
                      0.181406142199656256197570769472804
                      0.000000000000000000000000000000000
                      0.000000000000000000000000000000000
                7000000.000000000000000000000000000000011
                7000000.000000000000000000000000000000011
                7000000.000000000000000000000000000000011
              228246171.996333688497543334960937500000011
          ***********************************************
             -202125403.609304666519165039062500000000009
          ***********************************************
                      0.000000000000000000000000000000000
                      0.000000000000000000000000000000000
                     -0.124074465217305765496469405206881
                     -0.144156845240496350735170949519670
                      0.087273104425376890613819114150829
                      0.223750251715010728403854045609478
                      0.000000000000000000000000000000000
                      0.000000000000000000000000000000000
                7000000.000000000000000000000000000000011
                7000000.000000000000000000000000000000011
                7000000.000000000000000000000000000000011
                      0.126623252011741321831905793260376
                      0.151467129817737244934505724813789
                      0.088807714898139350490069432453311
                      0.086857790347419819299012999636034
                      0.000000000000000000000000000000000
                      0.000000000000000000000000000000000
                   2081.949609878393857798073440790176392
                   1274.269608628635751301771961152553558
                    884.060631151179450171184726059436798
                    452.286558076379606063710525631904602
                      0.000000000000000000000000000000000
                      0.000000000000000000000000000000000
                7000000.000000000000000000000000000000011
                7000000.000000000000000000000000000000011
                7000000.000000000000000000000000000000011
                      0.015374665730597109752908480118094
                     -0.139484174007459077460069352127903
                      0.001640386406042977640584723530992
                      0.432568285766816551518587630198454
                      0.000000000000000000000000000000000
                      0.000000000000000000000000000000000
                      0.060825973273184064105123525223462
                     -0.188961621374987953636548354552360
                     -0.010383370509107826482053660299698
                      0.182538348703372321768512165363063
                      0.000000000000000000000000000000000
                      0.000000000000000000000000000000000
                7000000.000000000000000000000000000000011
                7000000.000000000000000000000000000000011
                7000000.000000000000000000000000000000011
                     -0.002589315632804704055830447018138
                     -0.089620539228075002391449288552394
                      0.049720718198348529126562311830639
                     -0.249946476945332063390736720975838
                      0.000000000000000000000000000000000
                      0.000000000000000000000000000000000
                      0.055460468959157481483313034686944
                     -0.103095001977149214322793113751686
                     -0.085780964586466834642664025523118
                      0.080543176867812260599777118841303
                      0.000000000000000000000000000000000
                      0.000000000000000000000000000000000
                7000000.000000000000000000000000000000011
                7000000.000000000000000000000000000000011
                7000000.000000000000000000000000000000011
                     -0.032728756632783892466243003127602
                      0.319047873429935346933916662237607
                     -0.001714574981263480586007874606480
                      0.094229085855903893520491010349360
                      0.000000000000000000000000000000000
                      0.000000000000000000000000000000000
                      0.054257436466327635393724904133705
                      0.190948855743094642045676323505177
                     -0.096953107433313562291132825521345
                      0.159178066414896596247885440789105
                      0.000000000000000000000000000000000
                      0.000000000000000000000000000000000
                7000000.000000000000000000000000000000011
                7000000.000000000000000000000000000000011
                7000000.000000000000000000000000000000011
                      0.120642750962992095775661027801107
                      0.166472646711491839566221528912138
                     -0.087078306614400219354266141635890
                      0.383145102871286669099504251789767
                      0.000000000000000000000000000000000
                      0.000000000000000000000000000000000
                     -0.056648191772714011349432183806130
                     -0.000593103830791624829325836554261
                      0.109056697588822859579238411242841
                     -0.122830453440586948032908765071625
                      0.000000000000000000000000000000000
                      0.000000000000000000000000000000000
                7000000.000000000000000000000000000000011
                7000000.000000000000000000000000000000011
                7000000.000000000000000000000000000000011
