 62.000000  0.155431
 62.015625  0.508310
 62.031250  0.149991
 62.046875  0.190606
 62.062500  0.275295
 62.078125  0.945424
 62.093750  0.790844
 62.109375  0.206005
 62.125000  0.440174
 62.140625  1.000000
 62.156250  0.125513
 62.171875  0.556385
 62.187500  0.382354
 62.203125  0.593469
 62.218750  0.176278
 62.234375  0.063187
 62.250000  0.404105
 62.265625  0.205598
 62.281250  0.361733
 62.296875  0.376126
 62.312500  0.249998
 62.328125  0.198346
 62.343750  0.564755
 62.359375  0.225420
 62.375000  0.533387
 62.390625  0.200723
 62.406250  0.440207
 62.421875  0.432245
 62.437500  0.172917
 62.453125  0.085459
 62.468750  0.152918
 62.484375  0.066646
