 60.000000  0.165293
 60.015625  0.051549
 60.031250  0.272740
 60.046875  0.269081
 60.062500  0.225484
 60.078125  0.442533
 60.093750  0.143343
 60.109375  0.460748
 60.125000  0.170247
 60.140625  0.359428
 60.156250  0.144359
 60.171875  0.299240
 60.187500  0.491717
 60.203125  0.308447
 60.218750  0.194136
 60.234375  0.170006
 60.250000  0.253918
 60.265625  1.000000
 60.281250  0.186871
 60.296875  0.843733
 60.312500  0.479237
 60.328125  0.194324
 60.343750  0.502937
 60.359375  0.526981
 60.375000  0.282461
 60.390625  0.348164
 60.406250  0.115395
 60.421875  0.148214
 60.437500  0.246462
 60.453125  0.806702
 60.468750  0.559868
 60.484375  0.545906
