
 ETALL    1, NO =    1, NV =    4, INA =  302
 *********************************************

    I  COEFFICIENT          ORDER   EXPONENTS
     1  0.19160800420234E-07    0     0 0  0 0
0.19160800420234E-07
     2  -.28634906566234        1     1 0  0 0
-.28634906566234    
     3  0.52097231175888        1     0 1  0 0
0.52097231175888    
     4  -.17822422496951E-02    1     0 0  1 0
-.17822422496951E-02
     5  -.83132931786047E-03    1     0 0  0 1
-.83132931786047E-03
                                      

 ETALL    2, NO =    1, NV =    4, INA =  303
 *********************************************

    I  COEFFICIENT          ORDER   EXPONENTS
     1  0.94634658782788E-07    0     0 0  0 0
0.94634658782788E-07
     2  -1.7260871220956        1     1 0  0 0
-1.7260871220956    
     3  -.35185435629058        1     0 1  0 0
-.35185435629058    
     4  -.32628957270061E-03    1     0 0  1 0
-.32628957270061E-03
     5  -.19676122196641E-02    1     0 0  0 1
-.19676122196641E-02
                                      

 ETALL    3, NO =    1, NV =    4, INA =  304
 *********************************************

    I  COEFFICIENT          ORDER   EXPONENTS
     1  0.28400546276709E-08    0     0 0  0 0
0.28400546276709E-08
     2  -.18364755407755E-02    1     1 0  0 0
-.18364755407755E-02
     3  -.87538470165335E-03    1     0 1  0 0
-.87538470165335E-03
     4  -.35461129043188        1     0 0  1 0
-.35461129043188    
     5  0.51206272812885        1     0 0  0 1
0.51206272812885    
                                      

 ETALL    4, NO =    1, NV =    4, INA =  305
 *********************************************

    I  COEFFICIENT          ORDER   EXPONENTS
     1  0.14249998799185        0     0 0  0 0
0.14249998799185    
     2  -.29088719053101E-03    1     1 0  0 0
-.29088719053101E-03
     3  -.19004585117407E-02    1     0 1  0 0
-.19004585117407E-02
     4  -1.6804058908235        1     0 0  1 0
-1.6804058908235    
     5  -.39345487145885        1     0 0  0 1
-.39345487145885    
                                      
