            0.050271457597867011402037462630688
            0.000001249918361000000101187741922
            0.063985000689186180555800831371016
            0.142516265800000013763693118562514
            0.000000000000000000000000000000000
            0.000000000000000000000000000000000
            0.190756832576645191101860632443277
            0.000001249918361000000101187741922
           -0.110229213179029117419815975154052
            0.142516265800000013763693118562514
            0.000000000000000000000000000000000
            0.000000000000000000000000000000000
      7000000.000000000000000000000000000000000
      7000000.000000000000000000000000000000000
      7000000.000000000000000000000000000000000
           -0.034069744018117721628957639268265
            0.000001249918361000000101187741922
            0.065278550031701798594951924314955
            0.142516265800000013763693118562514
            0.000000000000000000000000000000000
            0.000000000000000000000000000000000
           -0.146610347592172118869058294876595
            0.000001249918361000000101187741922
            0.118289312897458448459175883726857
            0.142516265800000013763693118562514
            0.000000000000000000000000000000000
            0.000000000000000000000000000000000
      7000000.000000000000000000000000000000000
      7000000.000000000000000000000000000000000
      7000000.000000000000000000000000000000000
            0.152000560711406773606313436175697
            0.000001249918361000000101187741922
            0.102331305629832489123565153477102
            0.142516265800000013763693118562514
            0.000000000000000000000000000000000
            0.000000000000000000000000000000000
           -0.066154099828331175414675158208411
            0.000001249918361000000101187741922
            0.022883858922314370687445261864923
            0.142516265800000013763693118562514
            0.000000000000000000000000000000000
            0.000000000000000000000000000000000
      7000000.000000000000000000000000000000000
      7000000.000000000000000000000000000000000
      7000000.000000000000000000000000000000000
            0.161833212683582000623871977040835
            0.000001249918361000000101187741922
            0.129516237633804071061049967283907
            0.142516265800000013763693118562514
            0.000000000000000000000000000000000
            0.000000000000000000000000000000000
            0.180329125046293725631585402879864
            0.000001249918361000000101187741922
           -0.087205931132172453956741264846642
            0.142516265800000013763693118562514
            0.000000000000000000000000000000000
            0.000000000000000000000000000000000
      7000000.000000000000000000000000000000000
      7000000.000000000000000000000000000000000
      7000000.000000000000000000000000000000000
            0.064397530507986008863063887019962
            0.000001249918361000000101187741922
            0.223434283865323018991588810422400
            0.142516265800000013763693118562514
            0.000000000000000000000000000000000
            0.000000000000000000000000000000000
            0.104098376370080666908357613920089
            0.000001249918361000000101187741922
            0.078261481273796396074260428576963
            0.142516265800000013763693118562514
            0.000000000000000000000000000000000
            0.000000000000000000000000000000000
      7000000.000000000000000000000000000000000
      7000000.000000000000000000000000000000000
      7000000.000000000000000000000000000000000
           -0.149777762013472287572213303974422
            0.000001249918361000000101187741922
            0.047365718325824611445451495228554
            0.142516265800000013763693118562514
            0.000000000000000000000000000000000
            0.000000000000000000000000000000000
            0.111943192238376260094767644659441
            0.000001249918361000000101187741922
           -0.124083440790029211897582683832297
            0.142516265800000013763693118562514
            0.000000000000000000000000000000000
            0.000000000000000000000000000000000
      7000000.000000000000000000000000000000000
      7000000.000000000000000000000000000000000
      7000000.000000000000000000000000000000000
            0.079601171438294579529859618105547
            0.000001249918361000000101187741922
            0.040875975303950311257050742597130
            0.142516265800000013763693118562514
            0.000000000000000000000000000000000
            0.000000000000000000000000000000000
            0.053323639401022956962883370124473
            0.000001249918361000000101187741922
           -0.034573377235325879197613829774127
            0.142516265800000013763693118562514
            0.000000000000000000000000000000000
            0.000000000000000000000000000000000
      7000000.000000000000000000000000000000000
      7000000.000000000000000000000000000000000
      7000000.000000000000000000000000000000000
            0.188019445721030464824252703692764
            0.000001249918361000000101187741922
            0.076345347565101015496757952405460
            0.142516265800000013763693118562514
            0.000000000000000000000000000000000
            0.000000000000000000000000000000000
           -0.035580940719521746140596718532834
            0.000001249918361000000101187741922
            0.092119416107027493612058322014491
            0.142516265800000013763693118562514
            0.000000000000000000000000000000000
            0.000000000000000000000000000000000
      7000000.000000000000000000000000000000000
      7000000.000000000000000000000000000000000
      7000000.000000000000000000000000000000000
           -0.047205141300159444983641776616423
            0.000001249918361000000101187741922
           -0.066742542894430489930357452976750
            0.142516265800000013763693118562514
            0.000000000000000000000000000000000
            0.000000000000000000000000000000000
           -0.030256038370235459333823513361494
            0.000001249918361000000101187741922
            0.113174168373999864400936132824427
            0.142516265800000013763693118562514
            0.000000000000000000000000000000000
            0.000000000000000000000000000000000
      7000000.000000000000000000000000000000000
      7000000.000000000000000000000000000000000
      7000000.000000000000000000000000000000000
            0.124437577669065602137266068893950
            0.000001249918361000000101187741922
           -0.114000130404764699054709353731596
            0.142516265800000013763693118562514
            0.000000000000000000000000000000000
            0.000000000000000000000000000000000
           -0.145390774972953523702656752902840
            0.000001249918361000000101187741922
           -0.103873911290982390287496173186810
            0.142516265800000013763693118562514
            0.000000000000000000000000000000000
            0.000000000000000000000000000000000
      7000000.000000000000000000000000000000000
      7000000.000000000000000000000000000000000
      7000000.000000000000000000000000000000000
           -0.102460801605546825143733258300927
            0.000001249918361000000101187741922
            0.126442501068828344612526848322887
            0.142516265800000013763693118562514
            0.000000000000000000000000000000000
            0.000000000000000000000000000000000
           -0.049198436005161098882876302695877
            0.000001249918361000000101187741922
           -0.109683961006085836653589637990081
            0.142516265800000013763693118562514
            0.000000000000000000000000000000000
            0.000000000000000000000000000000000
      7000000.000000000000000000000000000000000
      7000000.000000000000000000000000000000000
      7000000.000000000000000000000000000000000
            0.144519065862622003715287632985564
            0.000001249918361000000101187741922
           -0.177625943446595352392947120279132
            0.142516265800000013763693118562514
            0.000000000000000000000000000000000
            0.000000000000000000000000000000000
            0.146049884366749788133788001687208
            0.000001249918361000000101187741922
            0.050935433451884476463433770732081
            0.142516265800000013763693118562514
            0.000000000000000000000000000000000
            0.000000000000000000000000000000000
      7000000.000000000000000000000000000000000
      7000000.000000000000000000000000000000000
      7000000.000000000000000000000000000000000
            0.097410763745755996056985281938978
            0.000001249918361000000101187741922
            0.122312456907348376944355550222099
            0.142516265800000013763693118562514
            0.000000000000000000000000000000000
            0.000000000000000000000000000000000
            0.050659281249931985280365864809937
            0.000001249918361000000101187741922
           -0.160843308001751839064752402919112
            0.142516265800000013763693118562514
            0.000000000000000000000000000000000
            0.000000000000000000000000000000000
      7000000.000000000000000000000000000000000
      7000000.000000000000000000000000000000000
      7000000.000000000000000000000000000000000
           -0.030272411021281354220890946749023
            0.000001249918361000000101187741922
           -0.196385111953799540440712689814973
            0.142516265800000013763693118562514
            0.000000000000000000000000000000000
            0.000000000000000000000000000000000
            0.192210456811062135873413581066416
            0.000001249918361000000101187741922
           -0.103445065947341055534458575948520
            0.142516265800000013763693118562514
            0.000000000000000000000000000000000
            0.000000000000000000000000000000000
      7000000.000000000000000000000000000000000
      7000000.000000000000000000000000000000000
      7000000.000000000000000000000000000000000
           -0.151755183482784800075293674126442
            0.000001249918361000000101187741922
           -0.038356884073213713681749226225293
            0.142516265800000013763693118562514
            0.000000000000000000000000000000000
            0.000000000000000000000000000000000
            0.168436427944380462395912445572321
            0.000001249918361000000101187741922
           -0.154089818592195365587471655999252
            0.142516265800000013763693118562514
            0.000000000000000000000000000000000
            0.000000000000000000000000000000000
      7000000.000000000000000000000000000000000
      7000000.000000000000000000000000000000000
      7000000.000000000000000000000000000000000
            0.024320218691529109367177596823240
            0.000001249918361000000101187741922
           -0.003985315729323589059585053462342
            0.142516265800000013763693118562514
            0.000000000000000000000000000000000
            0.000000000000000000000000000000000
            0.102848621819925406528639655334700
            0.000001249918361000000101187741922
            0.092139282097763230972020664921729
            0.142516265800000013763693118562514
            0.000000000000000000000000000000000
            0.000000000000000000000000000000000
      7000000.000000000000000000000000000000000
      7000000.000000000000000000000000000000000
      7000000.000000000000000000000000000000000
            0.090882268868169469033801988189225
            0.000001249918361000000101187741922
           -0.041314434270641950397440211872890
            0.142516265800000013763693118562514
            0.000000000000000000000000000000000
            0.000000000000000000000000000000000
            0.135413482400469548094790184222802
            0.000001249918361000000101187741922
            0.004981951083889929812742458636876
            0.142516265800000013763693118562514
            0.000000000000000000000000000000000
            0.000000000000000000000000000000000
      7000000.000000000000000000000000000000000
      7000000.000000000000000000000000000000000
      7000000.000000000000000000000000000000000
           -0.069869943175058180084846526369802
            0.000001249918361000000101187741922
            0.075259006916815807120002546071191
            0.142516265800000013763693118562514
            0.000000000000000000000000000000000
            0.000000000000000000000000000000000
            0.215702349360560652336005205143010
            0.000001249918361000000101187741922
           -0.053694326191144600701754541205446
            0.142516265800000013763693118562514
            0.000000000000000000000000000000000
            0.000000000000000000000000000000000
      7000000.000000000000000000000000000000000
      7000000.000000000000000000000000000000000
      7000000.000000000000000000000000000000000
           -0.182615363311664946621704075369053
            0.000001249918361000000101187741922
            0.096741605563365709596901353961584
            0.142516265800000013763693118562514
            0.000000000000000000000000000000000
            0.000000000000000000000000000000000
           -0.090886806551539162102315572155931
            0.000001249918361000000101187741922
           -0.166095304351104866569244222773705
            0.142516265800000013763693118562514
            0.000000000000000000000000000000000
            0.000000000000000000000000000000000
      7000000.000000000000000000000000000000000
      7000000.000000000000000000000000000000000
      7000000.000000000000000000000000000000000
            0.014891350312817451875813112849301
            0.000001249918361000000101187741922
            0.059307671314815450791524398255206
            0.142516265800000013763693118562514
            0.000000000000000000000000000000000
            0.000000000000000000000000000000000
            0.051301215866964455791787713678787
            0.000001249918361000000101187741922
            0.222386351162320111685133383616630
            0.142516265800000013763693118562514
            0.000000000000000000000000000000000
            0.000000000000000000000000000000000
      7000000.000000000000000000000000000000000
      7000000.000000000000000000000000000000000
      7000000.000000000000000000000000000000000
            0.004287040887359067943551682589032
            0.000001249918361000000101187741922
           -0.134835207154956837616310849625734
            0.142516265800000013763693118562514
            0.000000000000000000000000000000000
            0.000000000000000000000000000000000
           -0.034291787494374253997264645477117
            0.000001249918361000000101187741922
            0.184830428102464167094964864190842
            0.142516265800000013763693118562514
            0.000000000000000000000000000000000
            0.000000000000000000000000000000000
      7000000.000000000000000000000000000000000
      7000000.000000000000000000000000000000000
      7000000.000000000000000000000000000000000
            0.184298767643191224729903865409142
            0.000001249918361000000101187741922
            0.125084269571327899583934595284518
            0.142516265800000013763693118562514
            0.000000000000000000000000000000000
            0.000000000000000000000000000000000
           -0.190008053696229639584203141566832
            0.000001249918361000000101187741922
           -0.013086179769246834500573406501189
            0.142516265800000013763693118562514
            0.000000000000000000000000000000000
            0.000000000000000000000000000000000
      7000000.000000000000000000000000000000000
      7000000.000000000000000000000000000000000
      7000000.000000000000000000000000000000000
           -0.207122891698669903126628355494177
            0.000001249918361000000101187741922
           -0.079073766009295484713526036557596
            0.142516265800000013763693118562514
            0.000000000000000000000000000000000
            0.000000000000000000000000000000000
           -0.098438589225797346049517955179908
            0.000001249918361000000101187741922
            0.085243186126387343604093871363148
            0.142516265800000013763693118562514
            0.000000000000000000000000000000000
            0.000000000000000000000000000000000
      7000000.000000000000000000000000000000000
      7000000.000000000000000000000000000000000
      7000000.000000000000000000000000000000000
           -0.078291602619638259175083305763110
            0.000001249918361000000101187741922
            0.213114921128295803365304550425208
            0.142516265800000013763693118562514
            0.000000000000000000000000000000000
            0.000000000000000000000000000000000
           -0.088930740503101762817195208299381
            0.000001249918361000000101187741922
            0.042648321420696397310301506422547
            0.142516265800000013763693118562514
            0.000000000000000000000000000000000
            0.000000000000000000000000000000000
      7000000.000000000000000000000000000000000
      7000000.000000000000000000000000000000000
      7000000.000000000000000000000000000000000
           -0.093136511541338312669680021826935
            0.000001249918361000000101187741922
           -0.151756415227019714198064548327238
            0.142516265800000013763693118562514
            0.000000000000000000000000000000000
            0.000000000000000000000000000000000
            0.158902960939211884694444165688765
            0.000001249918361000000101187741922
            0.078629919545802423597180563774600
            0.142516265800000013763693118562514
            0.000000000000000000000000000000000
            0.000000000000000000000000000000000
      7000000.000000000000000000000000000000000
      7000000.000000000000000000000000000000000
      7000000.000000000000000000000000000000000
            0.125869568865064257456864993400814
            0.000001249918361000000101187741922
           -0.130915340281659769994249131741526
            0.142516265800000013763693118562514
            0.000000000000000000000000000000000
            0.000000000000000000000000000000000
           -0.112643776001561266020267737530958
            0.000001249918361000000101187741922
           -0.174049527836067585706558702440816
            0.142516265800000013763693118562514
            0.000000000000000000000000000000000
            0.000000000000000000000000000000000
      7000000.000000000000000000000000000000000
      7000000.000000000000000000000000000000000
      7000000.000000000000000000000000000000000
            0.064854344471629576940330252909916
            0.000001249918361000000101187741922
           -0.192637465911869670831535472643736
            0.142516265800000013763693118562514
            0.000000000000000000000000000000000
            0.000000000000000000000000000000000
           -0.120055124671255161739047423452575
            0.000001249918361000000101187741922
            0.014654650942497168819578234888468
            0.142516265800000013763693118562514
            0.000000000000000000000000000000000
            0.000000000000000000000000000000000
      7000000.000000000000000000000000000000000
      7000000.000000000000000000000000000000000
      7000000.000000000000000000000000000000000
           -0.081417938245525151019776899374847
            0.000001249918361000000101187741922
            0.169936280507820641760829971644853
            0.142516265800000013763693118562514
            0.000000000000000000000000000000000
            0.000000000000000000000000000000000
           -0.075405167241110043763185899479140
            0.000001249918361000000101187741922
            0.095326176122513484045839504688047
            0.142516265800000013763693118562514
            0.000000000000000000000000000000000
            0.000000000000000000000000000000000
      7000000.000000000000000000000000000000000
      7000000.000000000000000000000000000000000
      7000000.000000000000000000000000000000000
           -0.176427034146282885052059441477468
            0.000001249918361000000101187741922
           -0.050080379800465521511476651994599
            0.142516265800000013763693118562514
            0.000000000000000000000000000000000
            0.000000000000000000000000000000000
           -0.127798929078143747029017163185927
            0.000001249918361000000101187741922
           -0.115828802549091655627044872289844
            0.142516265800000013763693118562514
            0.000000000000000000000000000000000
            0.000000000000000000000000000000000
      7000000.000000000000000000000000000000000
      7000000.000000000000000000000000000000000
      7000000.000000000000000000000000000000000
            0.086880808512866947168618025898468
            0.000001249918361000000101187741922
            0.179287952031992048329556155294995
            0.142516265800000013763693118562514
            0.000000000000000000000000000000000
            0.000000000000000000000000000000000
            0.023243048563322019767207748941473
            0.000001249918361000000101187741922
           -0.206490324091796906280649182008347
            0.142516265800000013763693118562514
            0.000000000000000000000000000000000
            0.000000000000000000000000000000000
      7000000.000000000000000000000000000000000
      7000000.000000000000000000000000000000000
      7000000.000000000000000000000000000000000
