            0.201417006421253930170678358990699
            0.000001259153399999999888272321329
            0.108760541366244856131828555589891
            0.142516275100000006093026172493410
            0.000000000000000000000000000000000
            0.000000000000000000000000000000000
            0.142876902267479344299516696992214
            0.000001259153399999999888272321329
           -0.020237593406187071726209936173291
            0.142516275100000006093026172493410
            0.000000000000000000000000000000000
            0.000000000000000000000000000000000
      7000000.000000000000000000000000000000000
      7000000.000000000000000000000000000000000
      7000000.000000000000000000000000000000000
           -0.047808729029149586720048858978771
            0.000001259153399999999888272321329
           -0.153300405730515953983683630212909
            0.142516275100000006093026172493410
            0.000000000000000000000000000000000
            0.000000000000000000000000000000000
            0.092127491514582063314442450518982
            0.000001259153399999999888272321329
            0.105651658300600692630411003847257
            0.142516275100000006093026172493410
            0.000000000000000000000000000000000
            0.000000000000000000000000000000000
      7000000.000000000000000000000000000000000
      7000000.000000000000000000000000000000000
      7000000.000000000000000000000000000000000
           -0.032757354901937180136073379799200
            0.000001259153399999999888272321329
           -0.182943846084384437178371740628791
            0.142516275100000006093026172493410
            0.000000000000000000000000000000000
            0.000000000000000000000000000000000
            0.208896824484835375024260883947136
            0.000001259153399999999888272321329
            0.017050063273594623369788791933388
            0.142516275100000006093026172493410
            0.000000000000000000000000000000000
            0.000000000000000000000000000000000
      7000000.000000000000000000000000000000000
      7000000.000000000000000000000000000000000
      7000000.000000000000000000000000000000000
            0.190987121948856031217189865856199
            0.000001259153399999999888272321329
            0.051613274494438740602753057373775
            0.142516275100000006093026172493410
            0.000000000000000000000000000000000
            0.000000000000000000000000000000000
           -0.134675172723583397305091580165026
            0.000001259153399999999888272321329
            0.058227460238421090144012026712517
            0.142516275100000006093026172493410
            0.000000000000000000000000000000000
            0.000000000000000000000000000000000
      7000000.000000000000000000000000000000000
      7000000.000000000000000000000000000000000
      7000000.000000000000000000000000000000000
            0.052770922771693630493050619634232
            0.000001259153399999999888272321329
           -0.163996860437836511348308476954116
            0.142516275100000006093026172493410
            0.000000000000000000000000000000000
            0.000000000000000000000000000000000
           -0.102333874882557754326661836330459
            0.000001259153399999999888272321329
            0.140239849113625775212099711097835
            0.142516275100000006093026172493410
            0.000000000000000000000000000000000
            0.000000000000000000000000000000000
      7000000.000000000000000000000000000000000
      7000000.000000000000000000000000000000000
      7000000.000000000000000000000000000000000
           -0.033291439901493240227647874007744
            0.000001259153399999999888272321329
            0.202744492310152707448267506151751
            0.142516275100000006093026172493410
            0.000000000000000000000000000000000
            0.000000000000000000000000000000000
           -0.001017911660306858485924852431026
            0.000001259153399999999888272321329
            0.129734449643939847574003465524584
            0.142516275100000006093026172493410
            0.000000000000000000000000000000000
            0.000000000000000000000000000000000
      7000000.000000000000000000000000000000000
      7000000.000000000000000000000000000000000
      7000000.000000000000000000000000000000000
            0.190261908480692576439707863755757
            0.000001259153399999999888272321329
            0.125956749154557873238147180927626
            0.142516275100000006093026172493410
            0.000000000000000000000000000000000
            0.000000000000000000000000000000000
           -0.101053381641463158047145043383352
            0.000001259153399999999888272321329
            0.092211555317508964169093133023125
            0.142516275100000006093026172493410
            0.000000000000000000000000000000000
            0.000000000000000000000000000000000
      7000000.000000000000000000000000000000000
      7000000.000000000000000000000000000000000
      7000000.000000000000000000000000000000000
            0.164242898611850096646236352171400
            0.000001259153399999999888272321329
           -0.147979900092244681664155336875410
            0.142516275100000006093026172493410
            0.000000000000000000000000000000000
            0.000000000000000000000000000000000
           -0.024232208726486507976982665013566
            0.000001259153399999999888272321329
            0.230208145111248735359410488854337
            0.142516275100000006093026172493410
            0.000000000000000000000000000000000
            0.000000000000000000000000000000000
      7000000.000000000000000000000000000000000
      7000000.000000000000000000000000000000000
      7000000.000000000000000000000000000000000
            0.110885445327352061273273875485756
            0.000001259153399999999888272321329
            0.155105273429500895021604378598568
            0.142516275100000006093026172493410
            0.000000000000000000000000000000000
            0.000000000000000000000000000000000
            0.089960760904726988496094008951331
            0.000001259153399999999888272321329
            0.182973049356714601021423050042358
            0.142516275100000006093026172493410
            0.000000000000000000000000000000000
            0.000000000000000000000000000000000
      7000000.000000000000000000000000000000000
      7000000.000000000000000000000000000000000
      7000000.000000000000000000000000000000000
           -0.177491275844515294934922167158220
            0.000001259153399999999888272321329
           -0.032020481232631778367725416956091
            0.142516275100000006093026172493410
            0.000000000000000000000000000000000
            0.000000000000000000000000000000000
            0.100830677945161081843217232290044
            0.000001259153399999999888272321329
            0.196647238210735486596547616500175
            0.142516275100000006093026172493410
            0.000000000000000000000000000000000
            0.000000000000000000000000000000000
      7000000.000000000000000000000000000000000
      7000000.000000000000000000000000000000000
      7000000.000000000000000000000000000000000
           -0.049157522220304970816950884682228
            0.000001259153399999999888272321329
            0.176608886891296418264474255011010
            0.142516275100000006093026172493410
            0.000000000000000000000000000000000
            0.000000000000000000000000000000000
           -0.112717964114228810790230284055724
            0.000001259153399999999888272321329
            0.134058302177349902839509354635084
            0.142516275100000006093026172493410
            0.000000000000000000000000000000000
            0.000000000000000000000000000000000
      7000000.000000000000000000000000000000000
      7000000.000000000000000000000000000000000
      7000000.000000000000000000000000000000000
           -0.153563305493503443610592285040184
            0.000001259153399999999888272321329
            0.107042939905545655965291018674179
            0.142516275100000006093026172493410
            0.000000000000000000000000000000000
            0.000000000000000000000000000000000
           -0.072086664374965220281055167106388
            0.000001259153399999999888272321329
            0.165171716134288298905019587436982
            0.142516275100000006093026172493410
            0.000000000000000000000000000000000
            0.000000000000000000000000000000000
      7000000.000000000000000000000000000000000
      7000000.000000000000000000000000000000000
      7000000.000000000000000000000000000000000
           -0.186381683990563318253919078415493
            0.000001259153399999999888272321329
            0.020251020974264628826677636652676
            0.142516275100000006093026172493410
            0.000000000000000000000000000000000
            0.000000000000000000000000000000000
           -0.036513141179164598781881068134680
            0.000001259153399999999888272321329
           -0.183703944534677643396491930616321
            0.142516275100000006093026172493410
            0.000000000000000000000000000000000
            0.000000000000000000000000000000000
      7000000.000000000000000000000000000000000
      7000000.000000000000000000000000000000000
      7000000.000000000000000000000000000000000
            0.213912645109614218963400844586431
            0.000001259153399999999888272321329
            0.085504241287302606977505092800129
            0.142516275100000006093026172493410
            0.000000000000000000000000000000000
            0.000000000000000000000000000000000
            0.079884154115639788296121537314320
            0.000001259153399999999888272321329
           -0.161037162373671743909042675113596
            0.142516275100000006093026172493410
            0.000000000000000000000000000000000
            0.000000000000000000000000000000000
      7000000.000000000000000000000000000000000
      7000000.000000000000000000000000000000000
      7000000.000000000000000000000000000000000
            0.045341134617576883680811761223595
            0.000001259153399999999888272321329
            0.145562613591060346918126811033289
            0.142516275100000006093026172493410
            0.000000000000000000000000000000000
            0.000000000000000000000000000000000
           -0.106405510806698092030053715006943
            0.000001259153399999999888272321329
            0.152012499013194329888776223924651
            0.142516275100000006093026172493410
            0.000000000000000000000000000000000
            0.000000000000000000000000000000000
      7000000.000000000000000000000000000000000
      7000000.000000000000000000000000000000000
      7000000.000000000000000000000000000000000
           -0.097597156415040228760737761604105
            0.000001259153399999999888272321329
            0.197121739514866806119997022506141
            0.142516275100000006093026172493410
            0.000000000000000000000000000000000
            0.000000000000000000000000000000000
           -0.163580460785532816325726912509708
            0.000001259153399999999888272321329
           -0.062271717488468721068972655530160
            0.142516275100000006093026172493410
            0.000000000000000000000000000000000
            0.000000000000000000000000000000000
      7000000.000000000000000000000000000000000
      7000000.000000000000000000000000000000000
      7000000.000000000000000000000000000000000
           -0.058355908734358911960082849645914
            0.000001259153399999999888272321329
           -0.170982082569731463905782220535912
            0.142516275100000006093026172493410
            0.000000000000000000000000000000000
            0.000000000000000000000000000000000
           -0.204073882097362324650191567343427
            0.000001259153399999999888272321329
           -0.075651651345600909315258775222901
            0.142516275100000006093026172493410
            0.000000000000000000000000000000000
            0.000000000000000000000000000000000
      7000000.000000000000000000000000000000000
      7000000.000000000000000000000000000000000
      7000000.000000000000000000000000000000000
           -0.143269293741019015930859836771560
            0.000001259153399999999888272321329
            0.109723458075685426083012430353847
            0.142516275100000006093026172493410
            0.000000000000000000000000000000000
            0.000000000000000000000000000000000
           -0.000801671407896473327790720642128
            0.000001259153399999999888272321329
           -0.126271095599749721971605254111637
            0.142516275100000006093026172493410
            0.000000000000000000000000000000000
            0.000000000000000000000000000000000
      7000000.000000000000000000000000000000000
      7000000.000000000000000000000000000000000
      7000000.000000000000000000000000000000000
           -0.008225648572381486292592889242314
            0.000001259153399999999888272321329
            0.125920889789110951317852027386834
            0.142516275100000006093026172493410
            0.000000000000000000000000000000000
            0.000000000000000000000000000000000
            0.196816308975790887902945769383223
            0.000001259153399999999888272321329
           -0.006242429680498697182333689426059
            0.142516275100000006093026172493410
            0.000000000000000000000000000000000
            0.000000000000000000000000000000000
      7000000.000000000000000000000000000000000
      7000000.000000000000000000000000000000000
      7000000.000000000000000000000000000000000
            0.206260273381070002862713863578392
            0.000001259153399999999888272321329
           -0.049928276896233581005901669414015
            0.142516275100000006093026172493410
            0.000000000000000000000000000000000
            0.000000000000000000000000000000000
            0.214643282360211462567178841709392
            0.000001259153399999999888272321329
           -0.051545123162499484337217836582568
            0.142516275100000006093026172493410
            0.000000000000000000000000000000000
            0.000000000000000000000000000000000
      7000000.000000000000000000000000000000000
      7000000.000000000000000000000000000000000
      7000000.000000000000000000000000000000000
           -0.140712299191725453972878767672228
            0.000001259153399999999888272321329
            0.031262286126663228758015833363970
            0.142516275100000006093026172493410
            0.000000000000000000000000000000000
            0.000000000000000000000000000000000
           -0.190951965469493029070591205709206
            0.000001259153399999999888272321329
           -0.025459081581450548892320284721791
            0.142516275100000006093026172493410
            0.000000000000000000000000000000000
            0.000000000000000000000000000000000
      7000000.000000000000000000000000000000000
      7000000.000000000000000000000000000000000
      7000000.000000000000000000000000000000000
           -0.161911422351407929820510389617993
            0.000001259153399999999888272321329
            0.099977486373930515850538824906835
            0.142516275100000006093026172493410
            0.000000000000000000000000000000000
            0.000000000000000000000000000000000
            0.215815157476467150976517928029352
            0.000001259153399999999888272321329
           -0.039361699126855630159749210861264
            0.142516275100000006093026172493410
            0.000000000000000000000000000000000
            0.000000000000000000000000000000000
      7000000.000000000000000000000000000000000
      7000000.000000000000000000000000000000000
      7000000.000000000000000000000000000000000
            0.135794757923762804407985527177516
            0.000001259153399999999888272321329
            0.125630063019419979664093034443795
            0.142516275100000006093026172493410
            0.000000000000000000000000000000000
            0.000000000000000000000000000000000
           -0.033917323828172842026251743163812
            0.000001259153399999999888272321329
           -0.173032933012781969805971016285184
            0.142516275100000006093026172493410
            0.000000000000000000000000000000000
            0.000000000000000000000000000000000
      7000000.000000000000000000000000000000000
      7000000.000000000000000000000000000000000
      7000000.000000000000000000000000000000000
            0.150513348785120459893960287445225
            0.000001259153399999999888272321329
           -0.152176392051478537315034600396757
            0.142516275100000006093026172493410
            0.000000000000000000000000000000000
            0.000000000000000000000000000000000
           -0.140981574692231020895505366752332
            0.000001259153399999999888272321329
           -0.172780270531230129016364571725717
            0.142516275100000006093026172493410
            0.000000000000000000000000000000000
            0.000000000000000000000000000000000
      7000000.000000000000000000000000000000000
      7000000.000000000000000000000000000000000
      7000000.000000000000000000000000000000000
           -0.123337970003200958490907623854582
            0.000001259153399999999888272321329
           -0.035915752413282799049287774550976
            0.142516275100000006093026172493410
            0.000000000000000000000000000000000
            0.000000000000000000000000000000000
            0.012625991265841268740288683147810
            0.000001259153399999999888272321329
            0.181102200453906819754834600644244
            0.142516275100000006093026172493410
            0.000000000000000000000000000000000
            0.000000000000000000000000000000000
      7000000.000000000000000000000000000000000
      7000000.000000000000000000000000000000000
      7000000.000000000000000000000000000000000
           -0.073050891172471363321783144328947
            0.000001259153399999999888272321329
            0.164612227515504527808332113636425
            0.142516275100000006093026172493410
            0.000000000000000000000000000000000
            0.000000000000000000000000000000000
           -0.008101293441687725319089175002318
            0.000001259153399999999888272321329
            0.183192936868813105455444656399777
            0.142516275100000006093026172493410
            0.000000000000000000000000000000000
            0.000000000000000000000000000000000
      7000000.000000000000000000000000000000000
      7000000.000000000000000000000000000000000
      7000000.000000000000000000000000000000000
           -0.120496209491499861599095311248675
            0.000001259153399999999888272321329
            0.147685347965242186329959395152400
            0.142516275100000006093026172493410
            0.000000000000000000000000000000000
            0.000000000000000000000000000000000
           -0.167015234218234831509164450835669
            0.000001259153399999999888272321329
           -0.060189537942847197438123174606517
            0.142516275100000006093026172493410
            0.000000000000000000000000000000000
            0.000000000000000000000000000000000
      7000000.000000000000000000000000000000000
      7000000.000000000000000000000000000000000
      7000000.000000000000000000000000000000000
            0.084528536107909724162112752310350
            0.000001259153399999999888272321329
            0.189774359500805872569273446970328
            0.142516275100000006093026172493410
            0.000000000000000000000000000000000
            0.000000000000000000000000000000000
            0.073498968591426031005120478312165
            0.000001259153399999999888272321329
            0.218449256713146883202014691960358
            0.142516275100000006093026172493410
            0.000000000000000000000000000000000
            0.000000000000000000000000000000000
      7000000.000000000000000000000000000000000
      7000000.000000000000000000000000000000000
      7000000.000000000000000000000000000000000
           -0.036318487321304548931522049315390
            0.000001259153399999999888272321329
            0.199926958261703424657440564260469
            0.142516275100000006093026172493410
            0.000000000000000000000000000000000
            0.000000000000000000000000000000000
           -0.154558425776211066926535409038479
            0.000001259153399999999888272321329
            0.044942504928868212688009009525558
            0.142516275100000006093026172493410
            0.000000000000000000000000000000000
            0.000000000000000000000000000000000
      7000000.000000000000000000000000000000000
      7000000.000000000000000000000000000000000
      7000000.000000000000000000000000000000000
           -0.117166970310741733185544433126779
            0.000001259153399999999888272321329
           -0.164844783383983672919725904648658
            0.142516275100000006093026172493410
            0.000000000000000000000000000000000
            0.000000000000000000000000000000000
            0.144265007428496100372328214689333
            0.000001259153399999999888272321329
            0.046699867556271243418386518442276
            0.142516275100000006093026172493410
            0.000000000000000000000000000000000
            0.000000000000000000000000000000000
      7000000.000000000000000000000000000000000
      7000000.000000000000000000000000000000000
      7000000.000000000000000000000000000000000
