                     -0.099042318329733841641981939574180
                     -0.021391051145166525837559845513169
                     -0.016942513406224702504632162458620
                     -0.027636978993810162180677636456494
                      0.000000000000000000000000000000000
                      0.000000000000000000000000000000000
                     -0.128182859703741741652649466232106
                      0.193481453190260138663703060046828
                      0.103235878629577976228759439436544
                      0.017740482510774539109954517357437
                      0.000000000000000000000000000000000
                      0.000000000000000000000000000000000
                7000000.000000000000000000000000000000011
                7000000.000000000000000000000000000000011
                7000000.000000000000000000000000000000011
                     -0.098636719875717218664057384103216
                     -0.094764637758646880216772956373461
                      0.053153394959395382224354165145996
                     -0.044063858170579339734729273914127
                      0.000000000000000000000000000000000
                      0.000000000000000000000000000000000
                     -0.044902555766353317856509619332428
                      0.230254841407052324164794754324248
                      0.057809322820186699598554724843780
                     -0.195728105165520166464077078671835
                      0.000000000000000000000000000000000
                      0.000000000000000000000000000000000
                7000000.000000000000000000000000000000011
                7000000.000000000000000000000000000000011
                7000000.000000000000000000000000000000011
                      0.069511581923686144302010347928444
                      0.022777025848327959317574098463410
                      0.137624953123459431436614863741852
                     -0.032976835886901686989425286355981
                      0.000000000000000000000000000000000
                      0.000000000000000000000000000000000
                      0.129727077560373521558645393270126
                      0.134694034961849201659234154249134
                      0.056205601433672688904685799116123
                     -0.013919017460129155805415024360627
                      0.000000000000000000000000000000000
                      0.000000000000000000000000000000000
                7000000.000000000000000000000000000000011
                7000000.000000000000000000000000000000011
                7000000.000000000000000000000000000000011
                      0.104697318234493588762212823439768
                      0.039783126955653627665476790298271
                      0.037401430471045937764529298874550
                     -0.033405317554620686526511974534515
                      0.000000000000000000000000000000000
                      0.000000000000000000000000000000000
                      0.066394633076581999198140238149790
                      0.147917888355780485776236332640110
                     -0.198123160457929187172609886147256
                     -0.002133259388036803840676958188283
                      0.000000000000000000000000000000000
                      0.000000000000000000000000000000000
                7000000.000000000000000000000000000000011
                7000000.000000000000000000000000000000011
                7000000.000000000000000000000000000000011
                      0.033488188972043787805521475320347
                      0.187956264041782339369035526033258
                     -0.142196424724743059053722049611679
                      0.092102280057438590255003418860724
                      0.000000000000000000000000000000000
                      0.000000000000000000000000000000000
                      0.110183710758902056459085372353002
                      0.079742448181556180308859893557383
                     -0.022873146926796112526902859940492
                      0.027458348036950058074223690596227
                      0.000000000000000000000000000000000
                      0.000000000000000000000000000000000
                7000000.000000000000000000000000000000011
                7000000.000000000000000000000000000000011
                7000000.000000000000000000000000000000011
                     -0.030630774011136764622964534510174
                      0.112490409703717569867009729023266
                      0.041323229299454873608699045917092
                     -0.103184224074318861563703819683724
                      0.000000000000000000000000000000000
                      0.000000000000000000000000000000000
                     -0.025937500352505114126211438474456
                      0.310379919475976373544057196340873
                     -0.060161587622209175552079329918342
                     -0.216713258549335596736540310303099
                      0.000000000000000000000000000000000
                      0.000000000000000000000000000000000
                7000000.000000000000000000000000000000011
                7000000.000000000000000000000000000000011
                7000000.000000000000000000000000000000011
                      0.103745399501044777146319120220141
                      0.135773051643061415383328949246788
                     -0.009540818135704813227060405722568
                      0.061306720829156793883818465928925
                      0.000000000000000000000000000000000
                      0.000000000000000000000000000000000
                     -0.050572796127738774141224809000050
                      0.158328248358854811739249157653830
                     -0.001423410107390471034810586203889
                      0.000326815345495120787838033704631
                      0.000000000000000000000000000000000
                      0.000000000000000000000000000000000
                7000000.000000000000000000000000000000011
                7000000.000000000000000000000000000000011
                7000000.000000000000000000000000000000011
                     -0.193874593980000675674801868808572
                      0.098932673653802163937776015245618
                     -0.077183400879631172686323736797931
                     -0.033855437222611223235801958253433
                      0.000000000000000000000000000000000
                      0.000000000000000000000000000000000
                      0.099261865456308495669901503788424
                      0.047289604993046394088018757884129
                      0.008908182298661072168188823638957
                     -0.107194253312579729220388458088564
                      0.000000000000000000000000000000000
                      0.000000000000000000000000000000000
                7000000.000000000000000000000000000000011
                7000000.000000000000000000000000000000011
                7000000.000000000000000000000000000000011
                     -0.048989794795055136011896479431016
                      0.376227070569494170815261213647318
                     -0.045947360378282633974755810868373
                      0.053637198417795545202224616332387
                      0.000000000000000000000000000000000
                      0.000000000000000000000000000000000
                      0.125776890286805692609206630550034
                      0.071851439785773504875798778357421
                     -0.009964241266013010647761838356473
                      0.026322788864416739318397020497287
                      0.000000000000000000000000000000000
                      0.000000000000000000000000000000000
                7000000.000000000000000000000000000000011
                7000000.000000000000000000000000000000011
                7000000.000000000000000000000000000000011
                     -0.064232124940724638628708476062457
                     -0.057229180440643005745027238617695
                     -0.030023578571607850012936680172970
                     -0.027942553794060163291357312687069
                      0.000000000000000000000000000000000
                      0.000000000000000000000000000000000
                     -0.017782377535632082343752813358151
                      0.064879778491523917849370661770081
                     -0.004471670033920692281792508282479
                     -0.052675966468917131968474620862253
                      0.000000000000000000000000000000000
                      0.000000000000000000000000000000000
                7000000.000000000000000000000000000000011
                7000000.000000000000000000000000000000011
                7000000.000000000000000000000000000000011
                      0.001369380092709700496439451100628
                      0.129886185885271260298523543497140
                     -0.111421217445232006992839046688459
                      0.199341229274311193542246201104717
                      0.000000000000000000000000000000000
                      0.000000000000000000000000000000000
                     -0.144024348539705193683602146847988
                      0.102252511224934727884772200923180
                     -0.000808167997379991356887707354417
                     -0.177466422912263360744944407088042
                      0.000000000000000000000000000000000
                      0.000000000000000000000000000000000
                7000000.000000000000000000000000000000011
                7000000.000000000000000000000000000000011
                7000000.000000000000000000000000000000011
                      0.020821458957419373969610632002514
                     -0.174734050796560624885245260884403
                      0.060304947257856782172336096436993
                      0.116900479071393087471264493615308
                      0.000000000000000000000000000000000
                      0.000000000000000000000000000000000
                      0.076132461772082493656199631004711
                      0.164129596329791960229727010300849
                      0.012808002603577053543637553900680
                     -0.126218225941320927319111433462240
                      0.000000000000000000000000000000000
                      0.000000000000000000000000000000000
                7000000.000000000000000000000000000000011
                7000000.000000000000000000000000000000011
                7000000.000000000000000000000000000000011
                     -0.046020277596070871539701840902126
                      0.114210774529895572881876830706460
                      0.032012337820851229086560607584033
                      0.029359867023581360384598681889656
                      0.000000000000000000000000000000000
                      0.000000000000000000000000000000000
                      0.000717821763511565817325599248022
                     -0.026328994934759559348735891148863
                     -0.025002317692257629289098730396290
                      0.000921855734641832138230588267191
                      0.000000000000000000000000000000000
                      0.000000000000000000000000000000000
                7000000.000000000000000000000000000000011
                7000000.000000000000000000000000000000011
                7000000.000000000000000000000000000000011
                      0.018045009998893236230488312799025
                      0.057996057198433891011202234722077
                      0.021892911505445509373624091153943
                      0.191054628751825106292017153464258
                      0.000000000000000000000000000000000
                      0.000000000000000000000000000000000
                     -0.154981948109308459438082650194701
                      0.219829419227435568506834329127742
                      0.095103695421365402884461559551710
                     -0.148218045377850576871381349519652
                      0.000000000000000000000000000000000
                      0.000000000000000000000000000000000
                7000000.000000000000000000000000000000011
                7000000.000000000000000000000000000000011
                7000000.000000000000000000000000000000011
                     -0.091006139468093716349272881416255
                     -0.129788108008676267290937289544672
                      0.005080117111176710512077114856311
                      0.205861270963714398929411686367530
                      0.000000000000000000000000000000000
                      0.000000000000000000000000000000000
                      0.038682560998547464714558685727752
                      0.383379074549429876839212738559581
                      0.024457775699260393686973458216016
                      0.235400236145041130697563858120702
                      0.000000000000000000000000000000000
                      0.000000000000000000000000000000000
                7000000.000000000000000000000000000000011
                7000000.000000000000000000000000000000011
                7000000.000000000000000000000000000000011
                      0.037603006468470485945676529127013
                      0.191331042853408822557170765321644
                     -0.005278408128737182430922914022631
                      0.197742152399846299326569010190724
                      0.000000000000000000000000000000000
                      0.000000000000000000000000000000000
                     -0.114747674098998317382402944986097
                      0.042226768715719030511390741366995
                     -0.108828539707122792790094933934597
                     -0.275902420791042768399847773252986
                      0.000000000000000000000000000000000
                      0.000000000000000000000000000000000
                7000000.000000000000000000000000000000011
                7000000.000000000000000000000000000000011
                7000000.000000000000000000000000000000011
                      0.007731902990214240163624470625336
                      0.158118811956472066215795280186285
                     -0.020344064070786222614417582121860
                      0.150969534637902080831395323912147
                      0.000000000000000000000000000000000
                      0.000000000000000000000000000000000
                      0.099908426945455292011999404167000
                     -0.040608585551071045560700412124788
                      0.048431769748122160956782522589492
                     -0.253108728938234495142722835225868
                      0.000000000000000000000000000000000
                      0.000000000000000000000000000000000
                7000000.000000000000000000000000000000011
                7000000.000000000000000000000000000000011
                7000000.000000000000000000000000000000011
                      0.140693583605454614060548124143679
                      0.198175016987796465128823797385849
                     -0.019182062825387393573128846924192
                      0.007853650071848796224149857891916
                      0.000000000000000000000000000000000
                      0.000000000000000000000000000000000
                  -9474.291418970196900772862136363983154
                  -2331.355974108445934689370915293693542
                -196678.281864461576333269476890563964844
                 -47800.896951817201625090092420578002930
                      0.000000000000000000000000000000000
                      0.000000000000000000000000000000000
                7000000.000000000000000000000000000000011
                7000000.000000000000000000000000000000011
                7000000.000000000000000000000000000000011
                -743947.431300033698789775371551513671876
                 -54799.252948496330645866692066192626953
                -266965.084366113413125276565551757812500
                 -19659.560603401729167671874165534973145
                      0.000000000000000000000000000000000
                      0.000000000000000000000000000000000
                     -0.092031864014917752481181878465577
                      0.368736875712260159243527368744253
                      0.059533172755468162506975460246395
                      0.203797295874248940439343869002187
                      0.000000000000000000000000000000000
                      0.000000000000000000000000000000000
                7000000.000000000000000000000000000000011
                7000000.000000000000000000000000000000011
                7000000.000000000000000000000000000000011
                      0.001121712299635501709771379097447
                      0.205371192064786323161484915544861
                      0.070607816425316924369148807727470
                      0.353799520439708858887684073124547
                      0.000000000000000000000000000000000
                      0.000000000000000000000000000000000
                      0.059196505072145008674588950725592
                      0.167814466555350483289998919644859
                     -0.100659940314162199559433474860271
                      0.111768857162513571279482960107998
                      0.000000000000000000000000000000000
                      0.000000000000000000000000000000000
                7000000.000000000000000000000000000000011
                7000000.000000000000000000000000000000011
                7000000.000000000000000000000000000000011
                     -0.005685376356203681799672544627811
                      0.150254832670375843006738136864442
                      0.052710641811108308041333714299981
                     -0.042789454605643852114216230120292
                      0.000000000000000000000000000000000
                      0.000000000000000000000000000000000
                      0.053856526672584899284590420620589
                      0.040147253862847849525952170779419
                     -0.071061606361047136015685055099311
                     -0.079446488550299662612097506553255
                      0.000000000000000000000000000000000
                      0.000000000000000000000000000000000
                7000000.000000000000000000000000000000011
                7000000.000000000000000000000000000000011
                7000000.000000000000000000000000000000011
                  -1789.765855111027121893130242824554443
          ***********************************************
                     23.624521761727898194749286631122231
          ***********************************************
                      0.000000000000000000000000000000000
                      0.000000000000000000000000000000000
                     -0.053274822511570091299049067856686
                      0.131206879268979614838741554194712
                     -0.161275874502168764523801769428246
                     -0.003044746193968575227045691988792
                      0.000000000000000000000000000000000
                      0.000000000000000000000000000000000
                7000000.000000000000000000000000000000011
                7000000.000000000000000000000000000000011
                7000000.000000000000000000000000000000011
                     -0.095783531729461135473258082129178
                      0.459470980769087489203883478694479
                      0.049796862747020394224239936420418
                     -0.036026287459524679313016548576343
                      0.000000000000000000000000000000000
                      0.000000000000000000000000000000000
                     -0.088626345643871312640627024848072
                      0.048374658765892038225775451110167
                     -0.033213952870064768208013816774837
                     -0.314953357918908438684013617603341
                      0.000000000000000000000000000000000
                      0.000000000000000000000000000000000
                7000000.000000000000000000000000000000011
                7000000.000000000000000000000000000000011
                7000000.000000000000000000000000000000011
                -155723.229770540638128295540809631347656
                -112824.664709163436782546341419219970703
                -131373.298398344079032540321350097656250
                 -95076.135717062366893514990806579589844
                      0.000000000000000000000000000000000
                      0.000000000000000000000000000000000
                     -0.001377797576050150338278221795463
                      0.154671778766555606532406841324701
                      0.006611138741932465028028342857169
                     -0.028453043199310117800093777873371
                      0.000000000000000000000000000000000
                      0.000000000000000000000000000000000
                7000000.000000000000000000000000000000011
                7000000.000000000000000000000000000000011
                7000000.000000000000000000000000000000011
                      0.015458681042995598559075531852613
                      0.055985016644585446077275747711610
                      0.146695700947425761162534740833507
                     -0.111801534127463936263424670869426
                      0.000000000000000000000000000000000
                      0.000000000000000000000000000000000
                      0.041150760193795023200724614298451
                      0.197308047931684549247677296079928
                      0.139227947827243153655629726017651
                      0.142295477104408346624708769923018
                      0.000000000000000000000000000000000
                      0.000000000000000000000000000000000
                7000000.000000000000000000000000000000011
                7000000.000000000000000000000000000000011
                7000000.000000000000000000000000000000011
                     -0.057621593781584337645718107978610
                      0.228541392905848572691951403612620
                     -0.010064837562499122022852127145143
                      0.041941002533388782591572407909553
                      0.000000000000000000000000000000000
                      0.000000000000000000000000000000000
                      0.015777010656336701299728986214177
                      0.069935363920957005490208757692017
                     -0.002263467678717316633463241259960
                     -0.225122515805551148826424423532444
                      0.000000000000000000000000000000000
                      0.000000000000000000000000000000000
                7000000.000000000000000000000000000000011
                7000000.000000000000000000000000000000011
                7000000.000000000000000000000000000000011
                     -0.035007035666417253561011335705189
                      0.327843892505278233784338226541877
                     -0.048846386482379891558203155454976
                      0.102053923851575981118777747269633
                      0.000000000000000000000000000000000
                      0.000000000000000000000000000000000
                      0.028117733869778546718087852696044
                      0.182036053347544829472681726656447
                     -0.103203035408165874620145530116133
                      0.133698020775429748940865692929947
                      0.000000000000000000000000000000000
                      0.000000000000000000000000000000000
                7000000.000000000000000000000000000000011
                7000000.000000000000000000000000000000011
                7000000.000000000000000000000000000000011
                     -0.000374300720274604002690832516009
                      0.144751529041293652833033434035315
                      0.003479424092607456917708441679338
                      0.093467073017863125383719591354748
                      0.000000000000000000000000000000000
                      0.000000000000000000000000000000000
                      0.043765024015169559645777042078407
                     -0.030532731959775079311203427323562
                      0.104121005653995638007280888359674
                     -0.211691151114307196667851940219407
                      0.000000000000000000000000000000000
                      0.000000000000000000000000000000000
                7000000.000000000000000000000000000000011
                7000000.000000000000000000000000000000011
                7000000.000000000000000000000000000000011
                   -544.485616872217974560044240206480026
                   -408.459521843236586846614954993128777
                  -3208.014153064087167877005413174629211
                  -2087.827924227799940126715227961540222
                      0.000000000000000000000000000000000
                      0.000000000000000000000000000000000
                     -0.071892009452958149928747388912598
                      0.160558691156481581074899622763041
                     -0.012293588609168456388109902377437
                     -0.023859227242844911059949097875688
                      0.000000000000000000000000000000000
                      0.000000000000000000000000000000000
                7000000.000000000000000000000000000000011
                7000000.000000000000000000000000000000011
                7000000.000000000000000000000000000000011
                     -0.119068775713045221786856586732029
                      0.110522149922309187441982203381485
                     -0.022786405273795759529598115022964
                      0.150082946826988500310662288939056
                      0.000000000000000000000000000000000
                      0.000000000000000000000000000000000
                      0.061601988040491127696096640420365
                     -0.191575857838594459936487623963330
                     -0.027127496950626706767595308633645
                      0.008424012577024896433752765290137
                      0.000000000000000000000000000000000
                      0.000000000000000000000000000000000
                7000000.000000000000000000000000000000011
                7000000.000000000000000000000000000000011
                7000000.000000000000000000000000000000011
                     -0.018932470837104205252376942780757
                     -0.099196709836087124112502522166324
                     -0.005443805487144609718541676812720
                     -0.045725512455121179733463776528879
                      0.000000000000000000000000000000000
                      0.000000000000000000000000000000000
                      0.078272200631179622565269937695120
                      0.287452468665035210104718998991302
                      0.117571389208592877451131641919346
                     -0.058168410682240295761502579807711
                      0.000000000000000000000000000000000
                      0.000000000000000000000000000000000
                7000000.000000000000000000000000000000011
                7000000.000000000000000000000000000000011
                7000000.000000000000000000000000000000011
                      0.093687821459521938849412947547535
                     -0.076249550540980953750036519522837
                      0.038836270614071001505696045796867
                     -0.154473663090372359540936031407909
                      0.000000000000000000000000000000000
                      0.000000000000000000000000000000000
                      0.000139864549284086057967524396872
                      0.239492559088290424273992584858206
                     -0.068831531674833079659237000669236
                     -0.189615644222147022857072329315997
                      0.000000000000000000000000000000000
                      0.000000000000000000000000000000000
                7000000.000000000000000000000000000000011
                7000000.000000000000000000000000000000011
                7000000.000000000000000000000000000000011
                     -0.006232969617611917867439075280345
                      0.299621362906024313321751151306671
                     -0.112535837715452086138512299839931
                      0.131314273368932421526267262379406
                      0.000000000000000000000000000000000
                      0.000000000000000000000000000000000
                     -0.129751371417489352877439046096697
                      0.182100163743516507697250972341863
                     -0.053759323030386177433292971272749
                      0.049771570719742128097173861078772
                      0.000000000000000000000000000000000
                      0.000000000000000000000000000000000
                7000000.000000000000000000000000000000011
                7000000.000000000000000000000000000000011
                7000000.000000000000000000000000000000011
                     -0.069099429845492721380395551022957
                      0.312409124024603856994986017525662
                     -0.018172457984568853028850554665041
                      0.072210109227482666138797640087432
                      0.000000000000000000000000000000000
                      0.000000000000000000000000000000000
               29185018.390263069421052932739257812499969
          ***********************************************
             -146194224.006592035293579101562500000000007
          ***********************************************
                      0.000000000000000000000000000000000
                      0.000000000000000000000000000000000
                7000000.000000000000000000000000000000011
                7000000.000000000000000000000000000000011
                7000000.000000000000000000000000000000011
                     -0.005723735058798615910058416034190
                      0.099250665072693866619601976708509
                     -0.083830762492512325700921849147562
                      0.248302656849108016601235249254387
                      0.000000000000000000000000000000000
                      0.000000000000000000000000000000000
                      0.081733815271886653408550671429111
                      0.003970960788030913034274416162361
                     -0.024964633825988114673721796066275
                      0.048573768464497429908632852857409
                      0.000000000000000000000000000000000
                      0.000000000000000000000000000000000
                7000000.000000000000000000000000000000011
                7000000.000000000000000000000000000000011
                7000000.000000000000000000000000000000011
                     -0.014817426411162737398541366928839
                      0.092423452277170414781437557394383
                     -0.029241529993616656446508983435706
                     -0.116634920325918101102757873377413
                      0.000000000000000000000000000000000
                      0.000000000000000000000000000000000
                     -0.126687679238613043475325525832886
                      0.110386948882718979869643760594045
                      0.070384429357003744365250952341739
                      0.302917238731236437843108433298767
                      0.000000000000000000000000000000000
                      0.000000000000000000000000000000000
                7000000.000000000000000000000000000000011
                7000000.000000000000000000000000000000011
                7000000.000000000000000000000000000000011
                      0.098894859943202045871046834690787
                      0.110986244521066090840122342342511
                      0.044707295931843235581304440984241
                      0.042533615531420342070756390739916
                      0.000000000000000000000000000000000
                      0.000000000000000000000000000000000
                     -0.048506556912212929477679068668294
                      0.173597001793993455098785716472776
                     -0.001508959890219878970801792306133
                      0.000940834662518451650924100615470
                      0.000000000000000000000000000000000
                      0.000000000000000000000000000000000
                7000000.000000000000000000000000000000011
                7000000.000000000000000000000000000000011
                7000000.000000000000000000000000000000011
                      0.217399316073386333902917044724745
                      0.293354472277408073743742988881422
                      0.053017904954657808780371652801477
                      0.089791888883602663518068709436193
                      0.000000000000000000000000000000000
                      0.000000000000000000000000000000000
                     -0.113556256261595489576166073675267
                      0.150048468182618188748733700776938
                      0.028459711326548089299626198567239
                      0.070140495102809216620975973910390
                      0.000000000000000000000000000000000
                      0.000000000000000000000000000000000
                7000000.000000000000000000000000000000011
                7000000.000000000000000000000000000000011
                7000000.000000000000000000000000000000011
                     -0.144122977398941032323165245543350
                      0.196534287819940922670269856098457
                     -0.017153847603084422523966878770807
                      0.033414259536867656208425358954628
                      0.000000000000000000000000000000000
                      0.000000000000000000000000000000000
                      0.088374749970846877555885612309794
                     -0.039756042698193695683617221448003
                     -0.010559046012151466348294448494016
                     -0.004619581715518295862710207444479
                      0.000000000000000000000000000000000
                      0.000000000000000000000000000000000
                7000000.000000000000000000000000000000011
                7000000.000000000000000000000000000000011
                7000000.000000000000000000000000000000011
                     -0.050249544429503377462875590708791
                      0.345212624475219054254182537988527
                      0.005273563599594311042395577970865
                      0.083404885002164960705606233659637
                      0.000000000000000000000000000000000
                      0.000000000000000000000000000000000
                     -0.036550736740970930782612668963338
                      0.197084693260678900372795396833681
                      0.029652493905829472448099082271256
                     -0.006503515820268278291305108496090
                      0.000000000000000000000000000000000
                      0.000000000000000000000000000000000
                7000000.000000000000000000000000000000011
                7000000.000000000000000000000000000000011
                7000000.000000000000000000000000000000011
                      0.003456704207890552108667359121341
                      0.124911195923643122962509721673996
                      0.036522708810379070354379393847921
                      0.273147075349157886225981428651721
                      0.000000000000000000000000000000000
                      0.000000000000000000000000000000000
                     -0.133596561144224357242649148247438
                      0.156180642028718813518750607727270
                     -0.115077114634065752474256782988959
                      0.083873766868915886063540199302224
                      0.000000000000000000000000000000000
                      0.000000000000000000000000000000000
                7000000.000000000000000000000000000000011
                7000000.000000000000000000000000000000011
                7000000.000000000000000000000000000000011
                      0.088436545725975271303731517491542
                      0.431474797330526627092694980092347
                     -0.074937408165374252977386504426249
                      0.010153886098069254961817620142028
                      0.000000000000000000000000000000000
                      0.000000000000000000000000000000000
                     -0.072827460884337127944299083992519
                      0.107028975529333866822945253716171
                     -0.074110617861649852322614151489688
                     -0.027937872978352186470463180967272
                      0.000000000000000000000000000000000
                      0.000000000000000000000000000000000
                7000000.000000000000000000000000000000011
                7000000.000000000000000000000000000000011
                7000000.000000000000000000000000000000011
                     -0.041716574525082150692867344332626
                      0.098906170061076603694516506948275
                     -0.026225167525918833405507157863212
                     -0.049493878513118753914579173169841
                      0.000000000000000000000000000000000
                      0.000000000000000000000000000000000
                      0.090405629975594772873570548199496
                      0.126367491148084071239665604480251
                      0.031631681868970577820032730187449
                     -0.014508438171604815664084142667889
                      0.000000000000000000000000000000000
                      0.000000000000000000000000000000000
                7000000.000000000000000000000000000000011
                7000000.000000000000000000000000000000011
                7000000.000000000000000000000000000000011
                     -0.029900844510903027556603106518196
                      0.088578974993991588249286905920599
                     -0.098778912927856399317505520230043
                      0.078961322052699067786107889332925
                      0.000000000000000000000000000000000
                      0.000000000000000000000000000000000
                      0.118307522987635763134228739090759
                     -0.029555813947127196339437205097056
                     -0.119611998248807652189817929411220
                      0.036119326189514404379377054965516
                      0.000000000000000000000000000000000
                      0.000000000000000000000000000000000
                7000000.000000000000000000000000000000011
                7000000.000000000000000000000000000000011
                7000000.000000000000000000000000000000011
                      0.064211917745049029715431743170484
                     -0.168348802888389548204628454186604
                     -0.008933926331259528508255129963800
                      0.162673029762353593685730857032468
                      0.000000000000000000000000000000000
                      0.000000000000000000000000000000000
                     -0.114089492914857329464162205567845
                     -0.017272002784171052586215111546153
                      0.136589817732007207107258750511392
                     -0.025502380076423216553882511448137
                      0.000000000000000000000000000000000
                      0.000000000000000000000000000000000
                7000000.000000000000000000000000000000011
                7000000.000000000000000000000000000000011
                7000000.000000000000000000000000000000011
                      0.008397280330063218098390898092021
                      0.212865301834476744469171194396040
                      0.110826398981764551177064959119889
                      0.024829919143890339522373622571649
                      0.000000000000000000000000000000000
                      0.000000000000000000000000000000000
                  63677.655992680694907903671264648437500
                   3898.256595280101464595645666122436523
                  50440.733126192295458167791366577148438
                 152978.830479581403778865933418273925781
                      0.000000000000000000000000000000000
                      0.000000000000000000000000000000000
                7000000.000000000000000000000000000000011
                7000000.000000000000000000000000000000011
                7000000.000000000000000000000000000000011
                     -0.002785978945839148474689084267197
                      0.165096707362177602673725118620496
                     -0.077832315091208373325493141692277
                     -0.073879602283712403343329810923024
                      0.000000000000000000000000000000000
                      0.000000000000000000000000000000000
                     -0.125201894773590366449766975165403
                      0.312857342798563697883196255133953
                     -0.185475977994977697660416993130639
                     -0.024230568470063031105699025147260
                      0.000000000000000000000000000000000
                      0.000000000000000000000000000000000
                7000000.000000000000000000000000000000011
                7000000.000000000000000000000000000000011
                7000000.000000000000000000000000000000011
                      0.141118487682901944113567083149974
                      0.187388563101129917987108797206020
                     -0.012246927194226672405696909606831
                     -0.050362946924371543300225084749400
                      0.000000000000000000000000000000000
                      0.000000000000000000000000000000000
                  -9474.291418970196900772862136363983154
                  -2331.355974108445934689370915293693542
                -196678.281864461576333269476890563964844
                 -47800.896951817201625090092420578002930
                      0.000000000000000000000000000000000
                      0.000000000000000000000000000000000
                7000000.000000000000000000000000000000011
                7000000.000000000000000000000000000000011
                7000000.000000000000000000000000000000011
                -743947.431300033698789775371551513671876
                 -54799.252948496330645866692066192626953
                -266965.084366113413125276565551757812500
                 -19659.560603401729167671874165534973145
                      0.000000000000000000000000000000000
                      0.000000000000000000000000000000000
                     -0.048806636190298076372062752170677
                     -0.139508546670752048290964353327581
                      0.113737468104821229375467339650640
                     -0.160344910226057679736300087824930
                      0.000000000000000000000000000000000
                      0.000000000000000000000000000000000
                7000000.000000000000000000000000000000011
                7000000.000000000000000000000000000000011
                7000000.000000000000000000000000000000011
                  -1068.621771713344514864729717373847961
                    -80.045448358406773081696883309632540
                   -677.940999197230098616273608058691025
                    -45.606706608791533597013767575845122
                      0.000000000000000000000000000000000
                      0.000000000000000000000000000000000
                      0.053200767498865847437983234158310
                      0.163822630068564484284721061158052
                      0.042116382137906305249686056413339
                     -0.197852431674313211651394794898806
                      0.000000000000000000000000000000000
                      0.000000000000000000000000000000000
                7000000.000000000000000000000000000000011
                7000000.000000000000000000000000000000011
                7000000.000000000000000000000000000000011
                     -0.001933855439485864750187582572494
                      0.153564398012369929258369438684895
                      0.037562724134656215457805927826485
                     -0.076920031840408159551358835415158
                      0.000000000000000000000000000000000
                      0.000000000000000000000000000000000
                      0.019771390805409537472225878218524
                      0.275531377395961063481166775090969
                     -0.050752597268155522081123365296662
                     -0.112297083528621860493146300541412
                      0.000000000000000000000000000000000
                      0.000000000000000000000000000000000
                7000000.000000000000000000000000000000011
                7000000.000000000000000000000000000000011
                7000000.000000000000000000000000000000011
                  -1789.765855111027121893130242824554443
          ***********************************************
                     23.624521761727898194749286631122231
          ***********************************************
                      0.000000000000000000000000000000000
                      0.000000000000000000000000000000000
                      0.039884783455267455720694158571860
                      0.222404868000563110674860922699736
                     -0.124860743166972876228015820743167
                      0.171597728187866005455930462630931
                      0.000000000000000000000000000000000
                      0.000000000000000000000000000000000
                7000000.000000000000000000000000000000011
                7000000.000000000000000000000000000000011
                7000000.000000000000000000000000000000011
                      0.167347319788875736890076950658113
                      0.456017957944438723227875698285061
                     -0.038553399713914748847543023657636
                     -0.010770832059490843823912342713811
                      0.000000000000000000000000000000000
                      0.000000000000000000000000000000000
                      0.004061692206412744962640282153643
                     -0.103243438403454165785966267776530
                     -0.023268576970273201209860047811162
                      0.295354661369558568750903759791981
                      0.000000000000000000000000000000000
                      0.000000000000000000000000000000000
                7000000.000000000000000000000000000000011
                7000000.000000000000000000000000000000011
                7000000.000000000000000000000000000000011
                -155723.229770540638128295540809631347656
                -112824.664709163436782546341419219970703
                -131373.298398344079032540321350097656250
                 -95076.135717062366893514990806579589844
                      0.000000000000000000000000000000000
                      0.000000000000000000000000000000000
                      0.006348212307011383108423796528541
                      0.147166658321267934672604837942345
                     -0.012562197177170303374893478576269
                     -0.021358828002919046790131218926945
                      0.000000000000000000000000000000000
                      0.000000000000000000000000000000000
                7000000.000000000000000000000000000000011
                7000000.000000000000000000000000000000011
                7000000.000000000000000000000000000000011
                      0.034156743776088391295608914788318
                      0.076181456880592149372155574837961
                      0.071713785857092912645605053967302
                      0.311347354294371492233750586819951
                      0.000000000000000000000000000000000
                      0.000000000000000000000000000000000
                     -0.047317786003245522474802697843188
                      0.121601329167836058608997973351507
                     -0.108982962645196135298419903847389
                      0.224236515101331024268915825814474
                      0.000000000000000000000000000000000
                      0.000000000000000000000000000000000
                7000000.000000000000000000000000000000011
                7000000.000000000000000000000000000000011
                7000000.000000000000000000000000000000011
                     -0.017305739240598163458662028801882
                      0.278382597745801152466782468763995
                     -0.009243648977022698998151639671050
                     -0.024709032816233024443253185609137
                      0.000000000000000000000000000000000
                      0.000000000000000000000000000000000
                     -0.031032944472256414336630570005582
                      0.093899884562396090936786663405655
                      0.129601231694561669360865607814048
                     -0.019888979971636508436994006387977
                      0.000000000000000000000000000000000
                      0.000000000000000000000000000000000
                7000000.000000000000000000000000000000011
                7000000.000000000000000000000000000000011
                7000000.000000000000000000000000000000011
                     -0.086039730073925041464732998974796
                      0.035269863961680830710676559647254
                     -0.055829188463721535207184842874995
                     -0.095710221656745156360024395780783
                      0.000000000000000000000000000000000
                      0.000000000000000000000000000000000
                      0.015957199865726787169073475070036
                      0.080700052681404857435332189652399
                      0.061473252154163521288054994329286
                      0.206031900460908967698259175449493
                      0.000000000000000000000000000000000
                      0.000000000000000000000000000000000
                7000000.000000000000000000000000000000011
                7000000.000000000000000000000000000000011
                7000000.000000000000000000000000000000011
                     -0.001110520951734593302073772491667
                      0.141572416255305477683634762797737
                     -0.051053763571407756449715975577419
                      0.012488594185460107771623583516885
                      0.000000000000000000000000000000000
                      0.000000000000000000000000000000000
                      0.079419908595619620461647514275683
                      0.106718416510283367615308236509009
                      0.154371278853973087352713378095359
                     -0.145073109921147969103571995219681
                      0.000000000000000000000000000000000
                      0.000000000000000000000000000000000
                7000000.000000000000000000000000000000011
                7000000.000000000000000000000000000000011
                7000000.000000000000000000000000000000011
                   -544.485616872217974560044240206480026
                   -408.459521843236586846614954993128777
                  -3208.014153064087167877005413174629211
                  -2087.827924227799940126715227961540222
                      0.000000000000000000000000000000000
                      0.000000000000000000000000000000000
                      0.070548572489938926599606361378392
                      0.106810915155885227667553749597573
                     -0.004940202905730477038470649375768
                      0.025292647914147290549857771679854
                      0.000000000000000000000000000000000
                      0.000000000000000000000000000000000
                7000000.000000000000000000000000000000011
                7000000.000000000000000000000000000000011
                7000000.000000000000000000000000000000011
                     -0.052917567725806434475455120036713
                     -0.067627208009616870953983891467942
                      0.063219275203105648741619404518133
                     -0.063602834207991149062522140411602
                      0.000000000000000000000000000000000
                      0.000000000000000000000000000000000
                     -0.195289801380236854866367934846494
                      0.124879639889517723982947927652276
                      0.021189120324728156347093843692164
                      0.053268749965485556741029427030298
                      0.000000000000000000000000000000000
                      0.000000000000000000000000000000000
                7000000.000000000000000000000000000000011
                7000000.000000000000000000000000000000011
                7000000.000000000000000000000000000000011
                     -0.018932470837104205252376942780757
                     -0.099196709836087124112502522166324
                     -0.005443805487144609718541676812720
                     -0.045725512455121179733463776528879
                      0.000000000000000000000000000000000
                      0.000000000000000000000000000000000
                      0.078272200631179622565269937695120
                      0.287452468665035210104718998991302
                      0.117571389208592877451131641919346
                     -0.058168410682240295761502579807711
                      0.000000000000000000000000000000000
                      0.000000000000000000000000000000000
                7000000.000000000000000000000000000000011
                7000000.000000000000000000000000000000011
                7000000.000000000000000000000000000000011
                      0.093687821459521938849412947547535
                     -0.076249550540980953750036519522837
                      0.038836270614071001505696045796867
                     -0.154473663090372359540936031407909
                      0.000000000000000000000000000000000
                      0.000000000000000000000000000000000
                      0.000139864549284086057967524396872
                      0.239492559088290424273992584858206
                     -0.068831531674833079659237000669236
                     -0.189615644222147022857072329315997
                      0.000000000000000000000000000000000
                      0.000000000000000000000000000000000
                7000000.000000000000000000000000000000011
                7000000.000000000000000000000000000000011
                7000000.000000000000000000000000000000011
                     -0.006232969617611917867439075280345
                      0.299621362906024313321751151306671
                     -0.112535837715452086138512299839931
                      0.131314273368932421526267262379406
                      0.000000000000000000000000000000000
                      0.000000000000000000000000000000000
                     -0.129751371417489352877439046096697
                      0.182100163743516507697250972341863
                     -0.053759323030386177433292971272749
                      0.049771570719742128097173861078772
                      0.000000000000000000000000000000000
                      0.000000000000000000000000000000000
                7000000.000000000000000000000000000000011
                7000000.000000000000000000000000000000011
                7000000.000000000000000000000000000000011
                     -0.069099429845492721380395551022957
                      0.312409124024603856994986017525662
                     -0.018172457984568853028850554665041
                      0.072210109227482666138797640087432
                      0.000000000000000000000000000000000
                      0.000000000000000000000000000000000
               29185018.390263069421052932739257812499969
          ***********************************************
             -146194224.006592035293579101562500000000007
          ***********************************************
                      0.000000000000000000000000000000000
                      0.000000000000000000000000000000000
                7000000.000000000000000000000000000000011
                7000000.000000000000000000000000000000011
                7000000.000000000000000000000000000000011
                     -0.005723735058798615910058416034190
                      0.099250665072693866619601976708509
                     -0.083830762492512325700921849147562
                      0.248302656849108016601235249254387
                      0.000000000000000000000000000000000
                      0.000000000000000000000000000000000
                      0.081733815271886653408550671429111
                      0.003970960788030913034274416162361
                     -0.024964633825988114673721796066275
                      0.048573768464497429908632852857409
                      0.000000000000000000000000000000000
                      0.000000000000000000000000000000000
                7000000.000000000000000000000000000000011
                7000000.000000000000000000000000000000011
                7000000.000000000000000000000000000000011
                     -0.014817426411162737398541366928839
                      0.092423452277170414781437557394383
                     -0.029241529993616656446508983435706
                     -0.116634920325918101102757873377413
                      0.000000000000000000000000000000000
                      0.000000000000000000000000000000000
                     -0.126687679238613043475325525832886
                      0.110386948882718979869643760594045
                      0.070384429357003744365250952341739
                      0.302917238731236437843108433298767
                      0.000000000000000000000000000000000
                      0.000000000000000000000000000000000
                7000000.000000000000000000000000000000011
                7000000.000000000000000000000000000000011
                7000000.000000000000000000000000000000011
                      0.098894859943202045871046834690787
                      0.110986244521066090840122342342511
                      0.044707295931843235581304440984241
                      0.042533615531420342070756390739916
                      0.000000000000000000000000000000000
                      0.000000000000000000000000000000000
                     -0.048506556912212929477679068668294
                      0.173597001793993455098785716472776
                     -0.001508959890219878970801792306133
                      0.000940834662518451650924100615470
                      0.000000000000000000000000000000000
                      0.000000000000000000000000000000000
                7000000.000000000000000000000000000000011
                7000000.000000000000000000000000000000011
                7000000.000000000000000000000000000000011
                      0.217399316073386333902917044724745
                      0.293354472277408073743742988881422
                      0.053017904954657808780371652801477
                      0.089791888883602663518068709436193
                      0.000000000000000000000000000000000
                      0.000000000000000000000000000000000
                     -0.113556256261595489576166073675267
                      0.150048468182618188748733700776938
                      0.028459711326548089299626198567239
                      0.070140495102809216620975973910390
                      0.000000000000000000000000000000000
                      0.000000000000000000000000000000000
                7000000.000000000000000000000000000000011
                7000000.000000000000000000000000000000011
                7000000.000000000000000000000000000000011
                     -0.144122977398941032323165245543350
                      0.196534287819940922670269856098457
                     -0.017153847603084422523966878770807
                      0.033414259536867656208425358954628
                      0.000000000000000000000000000000000
                      0.000000000000000000000000000000000
                      0.088374749970846877555885612309794
                     -0.039756042698193695683617221448003
                     -0.010559046012151466348294448494016
                     -0.004619581715518295862710207444479
                      0.000000000000000000000000000000000
                      0.000000000000000000000000000000000
                7000000.000000000000000000000000000000011
                7000000.000000000000000000000000000000011
                7000000.000000000000000000000000000000011
                     -0.050249544429503377462875590708791
                      0.345212624475219054254182537988527
                      0.005273563599594311042395577970865
                      0.083404885002164960705606233659637
                      0.000000000000000000000000000000000
                      0.000000000000000000000000000000000
                     -0.036550736740970930782612668963338
                      0.197084693260678900372795396833681
                      0.029652493905829472448099082271256
                     -0.006503515820268278291305108496090
                      0.000000000000000000000000000000000
                      0.000000000000000000000000000000000
                7000000.000000000000000000000000000000011
                7000000.000000000000000000000000000000011
                7000000.000000000000000000000000000000011
                      0.003456704207890552108667359121341
                      0.124911195923643122962509721673996
                      0.036522708810379070354379393847921
                      0.273147075349157886225981428651721
                      0.000000000000000000000000000000000
                      0.000000000000000000000000000000000
                     -0.133596561144224357242649148247438
                      0.156180642028718813518750607727270
                     -0.115077114634065752474256782988959
                      0.083873766868915886063540199302224
                      0.000000000000000000000000000000000
                      0.000000000000000000000000000000000
                7000000.000000000000000000000000000000011
                7000000.000000000000000000000000000000011
                7000000.000000000000000000000000000000011
                      0.088436545725975271303731517491542
                      0.431474797330526627092694980092347
                     -0.074937408165374252977386504426249
                      0.010153886098069254961817620142028
                      0.000000000000000000000000000000000
                      0.000000000000000000000000000000000
                     -0.072827460884337127944299083992519
                      0.107028975529333866822945253716171
                     -0.074110617861649852322614151489688
                     -0.027937872978352186470463180967272
                      0.000000000000000000000000000000000
                      0.000000000000000000000000000000000
                7000000.000000000000000000000000000000011
                7000000.000000000000000000000000000000011
                7000000.000000000000000000000000000000011
                     -0.041716574525082150692867344332626
                      0.098906170061076603694516506948275
                     -0.026225167525918833405507157863212
                     -0.049493878513118753914579173169841
                      0.000000000000000000000000000000000
                      0.000000000000000000000000000000000
                      0.090405629975594772873570548199496
                      0.126367491148084071239665604480251
                      0.031631681868970577820032730187449
                     -0.014508438171604815664084142667889
                      0.000000000000000000000000000000000
                      0.000000000000000000000000000000000
                7000000.000000000000000000000000000000011
                7000000.000000000000000000000000000000011
                7000000.000000000000000000000000000000011
                     -0.029900844510903027556603106518196
                      0.088578974993991588249286905920599
                     -0.098778912927856399317505520230043
                      0.078961322052699067786107889332925
                      0.000000000000000000000000000000000
                      0.000000000000000000000000000000000
                      0.118307522987635763134228739090759
                     -0.029555813947127196339437205097056
                     -0.119611998248807652189817929411220
                      0.036119326189514404379377054965516
                      0.000000000000000000000000000000000
                      0.000000000000000000000000000000000
                7000000.000000000000000000000000000000011
                7000000.000000000000000000000000000000011
                7000000.000000000000000000000000000000011
                      0.064211917745049029715431743170484
                     -0.168348802888389548204628454186604
                     -0.008933926331259528508255129963800
                      0.162673029762353593685730857032468
                      0.000000000000000000000000000000000
                      0.000000000000000000000000000000000
                     -0.114089492914857329464162205567845
                     -0.017272002784171052586215111546153
                      0.136589817732007207107258750511392
                     -0.025502380076423216553882511448137
                      0.000000000000000000000000000000000
                      0.000000000000000000000000000000000
                7000000.000000000000000000000000000000011
                7000000.000000000000000000000000000000011
                7000000.000000000000000000000000000000011
                      0.008397280330063218098390898092021
                      0.212865301834476744469171194396040
                      0.110826398981764551177064959119889
                      0.024829919143890339522373622571649
                      0.000000000000000000000000000000000
                      0.000000000000000000000000000000000
                  63677.655992680694907903671264648437500
                   3898.256595280101464595645666122436523
                  50440.733126192295458167791366577148438
                 152978.830479581403778865933418273925781
                      0.000000000000000000000000000000000
                      0.000000000000000000000000000000000
                7000000.000000000000000000000000000000011
                7000000.000000000000000000000000000000011
                7000000.000000000000000000000000000000011
                     -0.002785978945839148474689084267197
                      0.165096707362177602673725118620496
                     -0.077832315091208373325493141692277
                     -0.073879602283712403343329810923024
                      0.000000000000000000000000000000000
                      0.000000000000000000000000000000000
                     -0.125201894773590366449766975165403
                      0.312857342798563697883196255133953
                     -0.185475977994977697660416993130639
                     -0.024230568470063031105699025147260
                      0.000000000000000000000000000000000
                      0.000000000000000000000000000000000
                7000000.000000000000000000000000000000011
                7000000.000000000000000000000000000000011
                7000000.000000000000000000000000000000011
                      0.141118487682901944113567083149974
                      0.187388563101129917987108797206020
                     -0.012246927194226672405696909606831
                     -0.050362946924371543300225084749400
                      0.000000000000000000000000000000000
                      0.000000000000000000000000000000000
                  -9474.291418970196900772862136363983154
                  -2331.355974108445934689370915293693542
                -196678.281864461576333269476890563964844
                 -47800.896951817201625090092420578002930
                      0.000000000000000000000000000000000
                      0.000000000000000000000000000000000
                7000000.000000000000000000000000000000011
                7000000.000000000000000000000000000000011
                7000000.000000000000000000000000000000011
                -743947.431300033698789775371551513671876
                 -54799.252948496330645866692066192626953
                -266965.084366113413125276565551757812500
                 -19659.560603401729167671874165534973145
                      0.000000000000000000000000000000000
                      0.000000000000000000000000000000000
                     -0.048806636190298076372062752170677
                     -0.139508546670752048290964353327581
                      0.113737468104821229375467339650640
                     -0.160344910226057679736300087824930
                      0.000000000000000000000000000000000
                      0.000000000000000000000000000000000
                7000000.000000000000000000000000000000011
                7000000.000000000000000000000000000000011
                7000000.000000000000000000000000000000011
                  -1068.621771713344514864729717373847961
                    -80.045448358406773081696883309632540
                   -677.940999197230098616273608058691025
                    -45.606706608791533597013767575845122
                      0.000000000000000000000000000000000
                      0.000000000000000000000000000000000
                      0.053200767498865847437983234158310
                      0.163822630068564484284721061158052
                      0.042116382137906305249686056413339
                     -0.197852431674313211651394794898806
                      0.000000000000000000000000000000000
                      0.000000000000000000000000000000000
                7000000.000000000000000000000000000000011
                7000000.000000000000000000000000000000011
                7000000.000000000000000000000000000000011
                     -0.001933855439485864750187582572494
                      0.153564398012369929258369438684895
                      0.037562724134656215457805927826485
                     -0.076920031840408159551358835415158
                      0.000000000000000000000000000000000
                      0.000000000000000000000000000000000
                      0.019771390805409537472225878218524
                      0.275531377395961063481166775090969
                     -0.050752597268155522081123365296662
                     -0.112297083528621860493146300541412
                      0.000000000000000000000000000000000
                      0.000000000000000000000000000000000
                7000000.000000000000000000000000000000011
                7000000.000000000000000000000000000000011
                7000000.000000000000000000000000000000011
                  -1789.765855111027121893130242824554443
          ***********************************************
                     23.624521761727898194749286631122231
          ***********************************************
                      0.000000000000000000000000000000000
                      0.000000000000000000000000000000000
                      0.039884783455267455720694158571860
                      0.222404868000563110674860922699736
                     -0.124860743166972876228015820743167
                      0.171597728187866005455930462630931
                      0.000000000000000000000000000000000
                      0.000000000000000000000000000000000
                7000000.000000000000000000000000000000011
                7000000.000000000000000000000000000000011
                7000000.000000000000000000000000000000011
                      0.167347319788875736890076950658113
                      0.456017957944438723227875698285061
                     -0.038553399713914748847543023657636
                     -0.010770832059490843823912342713811
                      0.000000000000000000000000000000000
                      0.000000000000000000000000000000000
                      0.004061692206412744962640282153643
                     -0.103243438403454165785966267776530
                     -0.023268576970273201209860047811162
                      0.295354661369558568750903759791981
                      0.000000000000000000000000000000000
                      0.000000000000000000000000000000000
                7000000.000000000000000000000000000000011
                7000000.000000000000000000000000000000011
                7000000.000000000000000000000000000000011
                -155723.229770540638128295540809631347656
                -112824.664709163436782546341419219970703
                -131373.298398344079032540321350097656250
                 -95076.135717062366893514990806579589844
                      0.000000000000000000000000000000000
                      0.000000000000000000000000000000000
                      0.006348212307011383108423796528541
                      0.147166658321267934672604837942345
                     -0.012562197177170303374893478576269
                     -0.021358828002919046790131218926945
                      0.000000000000000000000000000000000
                      0.000000000000000000000000000000000
                7000000.000000000000000000000000000000011
                7000000.000000000000000000000000000000011
                7000000.000000000000000000000000000000011
                      0.034156743776088391295608914788318
                      0.076181456880592149372155574837961
                      0.071713785857092912645605053967302
                      0.311347354294371492233750586819951
                      0.000000000000000000000000000000000
                      0.000000000000000000000000000000000
                     -0.047317786003245522474802697843188
                      0.121601329167836058608997973351507
                     -0.108982962645196135298419903847389
                      0.224236515101331024268915825814474
                      0.000000000000000000000000000000000
                      0.000000000000000000000000000000000
                7000000.000000000000000000000000000000011
                7000000.000000000000000000000000000000011
                7000000.000000000000000000000000000000011
                     -0.017305739240598163458662028801882
                      0.278382597745801152466782468763995
                     -0.009243648977022698998151639671050
                     -0.024709032816233024443253185609137
                      0.000000000000000000000000000000000
                      0.000000000000000000000000000000000
                     -0.031032944472256414336630570005582
                      0.093899884562396090936786663405655
                      0.129601231694561669360865607814048
                     -0.019888979971636508436994006387977
                      0.000000000000000000000000000000000
                      0.000000000000000000000000000000000
                7000000.000000000000000000000000000000011
                7000000.000000000000000000000000000000011
                7000000.000000000000000000000000000000011
                     -0.086039730073925041464732998974796
                      0.035269863961680830710676559647254
                     -0.055829188463721535207184842874995
                     -0.095710221656745156360024395780783
                      0.000000000000000000000000000000000
                      0.000000000000000000000000000000000
                      0.015957199865726787169073475070036
                      0.080700052681404857435332189652399
                      0.061473252154163521288054994329286
                      0.206031900460908967698259175449493
                      0.000000000000000000000000000000000
                      0.000000000000000000000000000000000
                7000000.000000000000000000000000000000011
                7000000.000000000000000000000000000000011
                7000000.000000000000000000000000000000011
                     -0.001110520951734593302073772491667
                      0.141572416255305477683634762797737
                     -0.051053763571407756449715975577419
                      0.012488594185460107771623583516885
                      0.000000000000000000000000000000000
                      0.000000000000000000000000000000000
                      0.079419908595619620461647514275683
                      0.106718416510283367615308236509009
                      0.154371278853973087352713378095359
                     -0.145073109921147969103571995219681
                      0.000000000000000000000000000000000
                      0.000000000000000000000000000000000
                7000000.000000000000000000000000000000011
                7000000.000000000000000000000000000000011
                7000000.000000000000000000000000000000011
                   -544.485616872217974560044240206480026
                   -408.459521843236586846614954993128777
                  -3208.014153064087167877005413174629211
                  -2087.827924227799940126715227961540222
                      0.000000000000000000000000000000000
                      0.000000000000000000000000000000000
                      0.070548572489938926599606361378392
                      0.106810915155885227667553749597573
                     -0.004940202905730477038470649375768
                      0.025292647914147290549857771679854
                      0.000000000000000000000000000000000
                      0.000000000000000000000000000000000
                7000000.000000000000000000000000000000011
                7000000.000000000000000000000000000000011
                7000000.000000000000000000000000000000011
                     -0.052917567725806434475455120036713
                     -0.067627208009616870953983891467942
                      0.063219275203105648741619404518133
                     -0.063602834207991149062522140411602
                      0.000000000000000000000000000000000
                      0.000000000000000000000000000000000
                     -0.195289801380236854866367934846494
                      0.124879639889517723982947927652276
                      0.021189120324728156347093843692164
                      0.053268749965485556741029427030298
                      0.000000000000000000000000000000000
                      0.000000000000000000000000000000000
                7000000.000000000000000000000000000000011
                7000000.000000000000000000000000000000011
                7000000.000000000000000000000000000000011
