           -0.135149293542478537988316134033084
            0.142510546700000018116583078153781
           -0.026961282060947420330387913622872
           -0.000019914486060000001184724927050
            0.000000000000000000000000000000000
            0.000000000000000000000000000000000
            0.123630063492045194628587978513679
            0.142510546700000018116583078153781
            0.110349163754921236746397994465951
           -0.000019914486060000001184724927050
            0.000000000000000000000000000000000
            0.000000000000000000000000000000000
      7000000.000000000000000000000000000000000
      7000000.000000000000000000000000000000000
      7000000.000000000000000000000000000000000
           -0.159681301950178627935272857030213
            0.142510546700000018116583078153781
           -0.094625450737106972520784609059774
           -0.000019914486060000001184724927050
            0.000000000000000000000000000000000
            0.000000000000000000000000000000000
           -0.058811212502489808306993523956407
            0.142510546700000018116583078153781
            0.125111322195849444804949257559201
           -0.000019914486060000001184724927050
            0.000000000000000000000000000000000
            0.000000000000000000000000000000000
      7000000.000000000000000000000000000000000
      7000000.000000000000000000000000000000000
      7000000.000000000000000000000000000000000
           -0.088786865734575948216900087572867
            0.142510546700000018116583078153781
           -0.143616095993721604173742889543064
           -0.000019914486060000001184724927050
            0.000000000000000000000000000000000
            0.000000000000000000000000000000000
           -0.132177427430317462331288425048115
            0.142510546700000018116583078153781
           -0.056764681304320475929703349038391
           -0.000019914486060000001184724927050
            0.000000000000000000000000000000000
            0.000000000000000000000000000000000
      7000000.000000000000000000000000000000000
      7000000.000000000000000000000000000000000
      7000000.000000000000000000000000000000000
           -0.120498198095138286944916217180435
            0.142510546700000018116583078153781
           -0.036965358645862637920753712705846
           -0.000019914486060000001184724927050
            0.000000000000000000000000000000000
            0.000000000000000000000000000000000
            0.064879791064576558534682249046455
            0.142510546700000018116583078153781
            0.188213741576910759123464345066168
           -0.000019914486060000001184724927050
            0.000000000000000000000000000000000
            0.000000000000000000000000000000000
      7000000.000000000000000000000000000000000
      7000000.000000000000000000000000000000000
      7000000.000000000000000000000000000000000
           -0.037157504437527827390042034494400
            0.142510546700000018116583078153781
           -0.158450126109777933436362218344584
           -0.000019914486060000001184724927050
            0.000000000000000000000000000000000
            0.000000000000000000000000000000000
            0.117142765808723833820259585536405
            0.142510546700000018116583078153781
           -0.019313139288522050002194774265263
           -0.000019914486060000001184724927050
            0.000000000000000000000000000000000
            0.000000000000000000000000000000000
      7000000.000000000000000000000000000000000
      7000000.000000000000000000000000000000000
      7000000.000000000000000000000000000000000
           -0.033547843132412755173810126052558
            0.142510546700000018116583078153781
            0.071290901630488567874976979510393
           -0.000019914486060000001184724927050
            0.000000000000000000000000000000000
            0.000000000000000000000000000000000
            0.067456905688662929798660172764357
            0.142510546700000018116583078153781
            0.144339146081277791555663725375780
           -0.000019914486060000001184724927050
            0.000000000000000000000000000000000
            0.000000000000000000000000000000000
      7000000.000000000000000000000000000000000
      7000000.000000000000000000000000000000000
      7000000.000000000000000000000000000000000
            0.100723535284826248847878105152631
            0.142510546700000018116583078153781
           -0.052123087128927887701212995352762
           -0.000019914486060000001184724927050
            0.000000000000000000000000000000000
            0.000000000000000000000000000000000
           -0.051205038653461515396614345263515
            0.142510546700000018116583078153781
           -0.001252163063419338504683731017053
           -0.000019914486060000001184724927050
            0.000000000000000000000000000000000
            0.000000000000000000000000000000000
      7000000.000000000000000000000000000000000
      7000000.000000000000000000000000000000000
      7000000.000000000000000000000000000000000
           -0.189274249758782042718507909739856
            0.142510546700000018116583078153781
           -0.081317160051873754733620103252179
           -0.000019914486060000001184724927050
            0.000000000000000000000000000000000
            0.000000000000000000000000000000000
            0.113023440156277410473251165967667
            0.142510546700000018116583078153781
           -0.063941421046814272965974623730290
           -0.000019914486060000001184724927050
            0.000000000000000000000000000000000
            0.000000000000000000000000000000000
      7000000.000000000000000000000000000000000
      7000000.000000000000000000000000000000000
      7000000.000000000000000000000000000000000
            0.147658662448573174685861886246130
            0.142510546700000018116583078153781
            0.017991361590030813255580710574577
           -0.000019914486060000001184724927050
            0.000000000000000000000000000000000
            0.000000000000000000000000000000000
           -0.132068765465158999283801222190959
            0.142510546700000018116583078153781
            0.008165607921983834838197680028316
           -0.000019914486060000001184724927050
            0.000000000000000000000000000000000
            0.000000000000000000000000000000000
      7000000.000000000000000000000000000000000
      7000000.000000000000000000000000000000000
      7000000.000000000000000000000000000000000
            0.129774801711769971479526475377497
            0.142510546700000018116583078153781
            0.027833229417526667015536645521934
           -0.000019914486060000001184724927050
            0.000000000000000000000000000000000
            0.000000000000000000000000000000000
            0.047879682497709213917502779622737
            0.142510546700000018116583078153781
           -0.028577767620701018808082594091502
           -0.000019914486060000001184724927050
            0.000000000000000000000000000000000
            0.000000000000000000000000000000000
      7000000.000000000000000000000000000000000
      7000000.000000000000000000000000000000000
      7000000.000000000000000000000000000000000
           -0.005387680359518716606548327519022
            0.142510546700000018116583078153781
           -0.158318194141964935228727995308873
           -0.000019914486060000001184724927050
            0.000000000000000000000000000000000
            0.000000000000000000000000000000000
            0.130394498177072493128036967391381
            0.142510546700000018116583078153781
            0.118406137809490608070461803436046
           -0.000019914486060000001184724927050
            0.000000000000000000000000000000000
            0.000000000000000000000000000000000
      7000000.000000000000000000000000000000000
      7000000.000000000000000000000000000000000
      7000000.000000000000000000000000000000000
            0.151258362921095901310053477573092
            0.142510546700000018116583078153781
            0.093530028388450189846814453176194
           -0.000019914486060000001184724927050
            0.000000000000000000000000000000000
            0.000000000000000000000000000000000
           -0.077356609938650955360373018265818
            0.142510546700000018116583078153781
            0.071211569646694089508187630599423
           -0.000019914486060000001184724927050
            0.000000000000000000000000000000000
            0.000000000000000000000000000000000
      7000000.000000000000000000000000000000000
      7000000.000000000000000000000000000000000
      7000000.000000000000000000000000000000000
           -0.047941237744275312648856157693444
            0.142510546700000018116583078153781
           -0.038497897730890871803577368837068
           -0.000019914486060000001184724927050
            0.000000000000000000000000000000000
            0.000000000000000000000000000000000
           -0.092710078278353869052352820290253
            0.142510546700000018116583078153781
            0.024731507835616912266418765398157
           -0.000019914486060000001184724927050
            0.000000000000000000000000000000000
            0.000000000000000000000000000000000
      7000000.000000000000000000000000000000000
      7000000.000000000000000000000000000000000
      7000000.000000000000000000000000000000000
            0.044150525008031391016594113807514
            0.142510546700000018116583078153781
            0.109737273971963422702913248940604
           -0.000019914486060000001184724927050
            0.000000000000000000000000000000000
            0.000000000000000000000000000000000
            0.142459469716786024662269483087584
            0.142510546700000018116583078153781
            0.119681203664238205996994679480849
           -0.000019914486060000001184724927050
            0.000000000000000000000000000000000
            0.000000000000000000000000000000000
      7000000.000000000000000000000000000000000
      7000000.000000000000000000000000000000000
      7000000.000000000000000000000000000000000
            0.181193210532426485226409340612008
            0.142510546700000018116583078153781
           -0.143983787466429147272606314800214
           -0.000019914486060000001184724927050
            0.000000000000000000000000000000000
            0.000000000000000000000000000000000
            0.130491452229511029070607719404506
            0.142510546700000018116583078153781
           -0.139568255349038827795027373213088
           -0.000019914486060000001184724927050
            0.000000000000000000000000000000000
            0.000000000000000000000000000000000
      7000000.000000000000000000000000000000000
      7000000.000000000000000000000000000000000
      7000000.000000000000000000000000000000000
            0.049784842212487384616181884666730
            0.142510546700000018116583078153781
           -0.106806064574191908467248879333056
           -0.000019914486060000001184724927050
            0.000000000000000000000000000000000
            0.000000000000000000000000000000000
            0.129355947796692932749706983486249
            0.142510546700000018116583078153781
            0.171189799937566333731808754237136
           -0.000019914486060000001184724927050
            0.000000000000000000000000000000000
            0.000000000000000000000000000000000
      7000000.000000000000000000000000000000000
      7000000.000000000000000000000000000000000
      7000000.000000000000000000000000000000000
            0.009508958931954167997924187716308
            0.142510546700000018116583078153781
            0.086224963532728779447289468862436
           -0.000019914486060000001184724927050
            0.000000000000000000000000000000000
            0.000000000000000000000000000000000
           -0.198014604532010862758539815331460
            0.142510546700000018116583078153781
            0.122042917098066874825867955678405
           -0.000019914486060000001184724927050
            0.000000000000000000000000000000000
            0.000000000000000000000000000000000
      7000000.000000000000000000000000000000000
      7000000.000000000000000000000000000000000
      7000000.000000000000000000000000000000000
            0.131790577490646182434730349086749
            0.142510546700000018116583078153781
           -0.069731977667592662251117019422963
           -0.000019914486060000001184724927050
            0.000000000000000000000000000000000
            0.000000000000000000000000000000000
            0.226467624565187569674051815127314
            0.142510546700000018116583078153781
            0.054210884525007739520585658965501
           -0.000019914486060000001184724927050
            0.000000000000000000000000000000000
            0.000000000000000000000000000000000
      7000000.000000000000000000000000000000000
      7000000.000000000000000000000000000000000
      7000000.000000000000000000000000000000000
           -0.118780712083956560554121040240716
            0.142510546700000018116583078153781
            0.182802203062532253596828013542108
           -0.000019914486060000001184724927050
            0.000000000000000000000000000000000
            0.000000000000000000000000000000000
           -0.130050224292264454684087127134262
            0.142510546700000018116583078153781
            0.139653754023964765673682109081710
           -0.000019914486060000001184724927050
            0.000000000000000000000000000000000
            0.000000000000000000000000000000000
      7000000.000000000000000000000000000000000
      7000000.000000000000000000000000000000000
      7000000.000000000000000000000000000000000
            0.021512892554708184372769252945545
            0.142510546700000018116583078153781
           -0.208895681485350925843391678426997
           -0.000019914486060000001184724927050
            0.000000000000000000000000000000000
            0.000000000000000000000000000000000
            0.056250468532742597949081186925469
            0.142510546700000018116583078153781
            0.120739339652644786515800490178663
           -0.000019914486060000001184724927050
            0.000000000000000000000000000000000
            0.000000000000000000000000000000000
      7000000.000000000000000000000000000000000
      7000000.000000000000000000000000000000000
      7000000.000000000000000000000000000000000
           -0.007051137738370521698683113243078
            0.142510546700000018116583078153781
            0.057231247494583713242288780520539
           -0.000019914486060000001184724927050
            0.000000000000000000000000000000000
            0.000000000000000000000000000000000
           -0.077315381762112028729561075124366
            0.142510546700000018116583078153781
           -0.084024878931502830492483724356134
           -0.000019914486060000001184724927050
            0.000000000000000000000000000000000
            0.000000000000000000000000000000000
      7000000.000000000000000000000000000000000
      7000000.000000000000000000000000000000000
      7000000.000000000000000000000000000000000
           -0.161000262923847781149078173257294
            0.142510546700000018116583078153781
            0.164812055577003152562198806663218
           -0.000019914486060000001184724927050
            0.000000000000000000000000000000000
            0.000000000000000000000000000000000
           -0.049481653605055450628746882557607
            0.142510546700000018116583078153781
            0.151869252603454463201870794364368
           -0.000019914486060000001184724927050
            0.000000000000000000000000000000000
            0.000000000000000000000000000000000
      7000000.000000000000000000000000000000000
      7000000.000000000000000000000000000000000
      7000000.000000000000000000000000000000000
           -0.207924192624669684770211119939631
            0.142510546700000018116583078153781
            0.019057559428474729612545957024849
           -0.000019914486060000001184724927050
            0.000000000000000000000000000000000
            0.000000000000000000000000000000000
           -0.063475312810230832827329550127615
            0.142510546700000018116583078153781
           -0.191860702983333325510884037612414
           -0.000019914486060000001184724927050
            0.000000000000000000000000000000000
            0.000000000000000000000000000000000
      7000000.000000000000000000000000000000000
      7000000.000000000000000000000000000000000
      7000000.000000000000000000000000000000000
           -0.033111187623189999862383103845787
            0.142510546700000018116583078153781
            0.231532707212681709840751409501536
           -0.000019914486060000001184724927050
            0.000000000000000000000000000000000
            0.000000000000000000000000000000000
           -0.007020510798879155307805621788475
            0.142510546700000018116583078153781
            0.017254648916783042744693688064217
           -0.000019914486060000001184724927050
            0.000000000000000000000000000000000
            0.000000000000000000000000000000000
      7000000.000000000000000000000000000000000
      7000000.000000000000000000000000000000000
      7000000.000000000000000000000000000000000
            0.121926986486738817005992530084768
            0.142510546700000018116583078153781
           -0.159090128729924673578466354229022
           -0.000019914486060000001184724927050
            0.000000000000000000000000000000000
            0.000000000000000000000000000000000
           -0.054633893580950276813723576196935
            0.142510546700000018116583078153781
            0.153045497862105445152636207239993
           -0.000019914486060000001184724927050
            0.000000000000000000000000000000000
            0.000000000000000000000000000000000
      7000000.000000000000000000000000000000000
      7000000.000000000000000000000000000000000
      7000000.000000000000000000000000000000000
           -0.075731721734799764544909805863426
            0.142510546700000018116583078153781
            0.019691184658854225114632541249193
           -0.000019914486060000001184724927050
            0.000000000000000000000000000000000
            0.000000000000000000000000000000000
            0.054491385429353667024798824058962
            0.142510546700000018116583078153781
           -0.129421471233223339680762364878319
           -0.000019914486060000001184724927050
            0.000000000000000000000000000000000
            0.000000000000000000000000000000000
      7000000.000000000000000000000000000000000
      7000000.000000000000000000000000000000000
      7000000.000000000000000000000000000000000
            0.106453742836690581907710395626054
            0.142510546700000018116583078153781
            0.079622007334759603569551700275042
           -0.000019914486060000001184724927050
            0.000000000000000000000000000000000
            0.000000000000000000000000000000000
            0.045089700791763130671707671126569
            0.142510546700000018116583078153781
           -0.128642751411488648338732332376821
           -0.000019914486060000001184724927050
            0.000000000000000000000000000000000
            0.000000000000000000000000000000000
      7000000.000000000000000000000000000000000
      7000000.000000000000000000000000000000000
      7000000.000000000000000000000000000000000
            0.001817131837471531400490798446867
            0.142510546700000018116583078153781
            0.052108244642856869910385597677305
           -0.000019914486060000001184724927050
            0.000000000000000000000000000000000
            0.000000000000000000000000000000000
            0.070157499525025299180747140326275
            0.142510546700000018116583078153781
           -0.172419221756455465222046541384771
           -0.000019914486060000001184724927050
            0.000000000000000000000000000000000
            0.000000000000000000000000000000000
      7000000.000000000000000000000000000000000
      7000000.000000000000000000000000000000000
      7000000.000000000000000000000000000000000
            0.123259941529812871996441003830114
            0.142510546700000018116583078153781
            0.185533576164590485735317315629800
           -0.000019914486060000001184724927050
            0.000000000000000000000000000000000
            0.000000000000000000000000000000000
            0.070872636867409188887734217132675
            0.142510546700000018116583078153781
            0.022503925010292538666512029976730
           -0.000019914486060000001184724927050
            0.000000000000000000000000000000000
            0.000000000000000000000000000000000
      7000000.000000000000000000000000000000000
      7000000.000000000000000000000000000000000
      7000000.000000000000000000000000000000000
           -0.116494304846870219694032755342050
            0.142510546700000018116583078153781
           -0.093486596853059503176019973125221
           -0.000019914486060000001184724927050
            0.000000000000000000000000000000000
            0.000000000000000000000000000000000
           -0.193117887072812410842459485138534
            0.142510546700000018116583078153781
            0.074555787945755486179066906515800
           -0.000019914486060000001184724927050
            0.000000000000000000000000000000000
            0.000000000000000000000000000000000
      7000000.000000000000000000000000000000000
      7000000.000000000000000000000000000000000
      7000000.000000000000000000000000000000000
