 62.000000  0.040517
 62.015625  0.065777
 62.031250  0.012320
 62.046875  0.127967
 62.062500  0.057477
 62.078125  0.073255
 62.093750  0.032622
 62.109375  0.020596
 62.125000  0.025496
 62.140625  0.051510
 62.156250  0.118160
 62.171875  0.214980
 62.187500  0.272216
 62.203125  1.000000
 62.218750  0.142253
 62.234375  0.184807
 62.250000  0.143286
 62.265625  0.083797
 62.281250  0.094809
 62.296875  0.041600
 62.312500  0.037762
 62.328125  0.043630
 62.343750  0.058937
 62.359375  0.049647
 62.375000  0.051941
 62.390625  0.036258
 62.406250  0.064494
 62.421875  0.008661
 62.437500  0.106012
 62.453125  0.100980
 62.468750  0.093009
 62.484375  0.042604
