 60.000000  0.052264
 60.015625  0.047775
 60.031250  0.044062
 60.046875  0.016741
 60.062500  0.109825
 60.078125  0.055468
 60.093750  0.065777
 60.109375  0.061009
 60.125000  0.074510
 60.140625  0.115703
 60.156250  0.096098
 60.171875  0.065798
 60.187500  0.071420
 60.203125  0.135838
 60.218750  0.219137
 60.234375  0.452096
 60.250000  1.000000
 60.265625  0.659320
 60.281250  0.103279
 60.296875  0.156488
 60.312500  0.120756
 60.328125  0.086674
 60.343750  0.069686
 60.359375  0.044138
 60.375000  0.018456
 60.390625  0.009038
 60.406250  0.043717
 60.421875  0.018052
 60.437500  0.028451
 60.453125  0.023976
 60.468750  0.020502
 60.484375  0.004854
