 62.000000  0.038314
 62.015625  0.028852
 62.031250  0.030222
 62.046875  0.034855
 62.062500  0.030968
 62.078125  0.031940
 62.093750  0.024953
 62.109375  0.038501
 62.125000  0.040612
 62.140625  0.045418
 62.156250  0.050483
 62.171875  0.059328
 62.187500  0.072272
 62.203125  0.105828
 62.218750  0.179059
 62.234375  1.000000
 62.250000  0.250894
 62.265625  0.106239
 62.281250  0.066881
 62.296875  0.045536
 62.312500  0.033900
 62.328125  0.027394
 62.343750  0.018310
 62.359375  0.012705
 62.375000  0.015493
 62.390625  0.018731
 62.406250  0.013593
 62.421875  0.012006
 62.437500  0.011002
 62.453125  0.011433
 62.468750  0.018849
 62.484375  0.026244
