                      0.035276478332397082082749761866580
                     -0.010154529029467189785163050430583
                      0.110088137709865002689113566702872
                      0.199620129042516664119588654102699
                      0.000000000000000000000000000000000
                      0.000000000000000000000000000000000
                      0.075481888672961239272751754469937
                     -0.117866129817187317851967520709877
                     -0.046221659969910233733969562308630
                      0.297942006908066603365625724109123
                      0.000000000000000000000000000000000
                      0.000000000000000000000000000000000
                7000000.000000000000000000000000000000011
                7000000.000000000000000000000000000000011
                7000000.000000000000000000000000000000011
                     -0.066144076769340379162720466865721
                     -0.187121791301751633218586334805877
                     -0.027782645471973302364609992309852
                      0.091528420750087532975491910747223
                      0.000000000000000000000000000000000
                      0.000000000000000000000000000000000
                      0.016636685348098971537478263371668
                      0.192156810239874825674277758480457
                     -0.058124516293598355032301583378285
                      0.086771410193477949146512173683732
                      0.000000000000000000000000000000000
                      0.000000000000000000000000000000000
                7000000.000000000000000000000000000000011
                7000000.000000000000000000000000000000011
                7000000.000000000000000000000000000000011
                     -0.070084536216561077459630269004265
                     -0.104898082659406047256744898277248
                      0.014083202876599823505365804976464
                      0.287478125733332756652771422523074
                      0.000000000000000000000000000000000
                      0.000000000000000000000000000000000
                      0.068515558922880595571491824102850
                     -0.058278985953058533298065668759591
                      0.083752564567927900718302680616034
                      0.222797367430471932037150395444769
                      0.000000000000000000000000000000000
                      0.000000000000000000000000000000000
                7000000.000000000000000000000000000000011
                7000000.000000000000000000000000000000011
                7000000.000000000000000000000000000000011
                      0.049930515571795820728429049495389
                     -0.040528416027217087358458513790538
                     -0.005000898308646151320389083849705
                      0.375844135070694362887877559842309
                      0.000000000000000000000000000000000
                      0.000000000000000000000000000000000
                     -0.034855363895079732872162026069418
                      0.025627689431758075844225430728329
                      0.039359890430884426903990203072681
                      0.348007344125229989284520115688792
                      0.000000000000000000000000000000000
                      0.000000000000000000000000000000000
                7000000.000000000000000000000000000000011
                7000000.000000000000000000000000000000011
                7000000.000000000000000000000000000000011
                     -0.050215000998245662433561165016727
                     -0.142427145846289987529686982270505
                     -0.007462367620560346297142739757646
                      0.289599375004375103603848629063577
                      0.000000000000000000000000000000000
                      0.000000000000000000000000000000000
                      0.094618162083769871695260178512399
                      0.027561931806195934246961343205840
                     -0.083000557097836422104641940222791
                      0.146504636362296380980296817142516
                      0.000000000000000000000000000000000
                      0.000000000000000000000000000000000
                7000000.000000000000000000000000000000011
                7000000.000000000000000000000000000000011
                7000000.000000000000000000000000000000011
                      0.064469985179845104572571301559947
                     -0.195847404359651616756465841717727
                     -0.009663936403165363647760344179005
                      0.205181916060993729811201546908705
                      0.000000000000000000000000000000000
                      0.000000000000000000000000000000000
                     -0.086283521599590642936483675384807
                     -0.168399940135570636012829481842346
                      0.020489709003952291666017515581188
                      0.164041898712676131877330476527277
                      0.000000000000000000000000000000000
                      0.000000000000000000000000000000000
                7000000.000000000000000000000000000000011
                7000000.000000000000000000000000000000011
                7000000.000000000000000000000000000000011
                     -0.072997879588449762766622086473944
                     -0.009553456959935851394716266327123
                     -0.075581678763351686778371174568747
                      0.269997672109683672925228847816470
                      0.000000000000000000000000000000000
                      0.000000000000000000000000000000000
                     -0.042286551433675961808589249812940
                      0.013906823470519299318359784933818
                      0.021919734472187677593035814993527
                      0.352555406547982064235924326567329
                      0.000000000000000000000000000000000
                      0.000000000000000000000000000000000
                7000000.000000000000000000000000000000011
                7000000.000000000000000000000000000000011
                7000000.000000000000000000000000000000011
                     -0.027383131527967924379041164684168
                     -0.211113498379503744528662423363130
                      0.021581195295679898166207877352463
                      0.046000681008634920765576481471726
                      0.000000000000000000000000000000000
                      0.000000000000000000000000000000000
                     -0.023711740650103813043969580576231
                      0.067403233710411097900916388425685
                     -0.000090922660262427422439568402979
                      0.351275406680238988510467379455804
                      0.000000000000000000000000000000000
                      0.000000000000000000000000000000000
                7000000.000000000000000000000000000000011
                7000000.000000000000000000000000000000011
                7000000.000000000000000000000000000000011
                     -0.038341043049135201115085180845199
                      0.020738669163074988782691221445020
                     -0.125361279128066549493070169774001
                      0.151707142304836756219188487193605
                      0.000000000000000000000000000000000
                      0.000000000000000000000000000000000
                      0.088905401074074380529665972971998
                      0.010558583044655206473194652971870
                     -0.062562757553251177600195376271586
                      0.043283836093741229200659859088773
                      0.000000000000000000000000000000000
                      0.000000000000000000000000000000000
                7000000.000000000000000000000000000000011
                7000000.000000000000000000000000000000011
                7000000.000000000000000000000000000000011
                     -0.096279728707991923952747015391651
                     -0.107100430276339947388564155517088
                     -0.028463725808189961619110164292579
                      0.241989379037085533541429072101892
                      0.000000000000000000000000000000000
                      0.000000000000000000000000000000000
                     -0.055547210645170486120747455061064
                     -0.181993012895633382575155678750889
                      0.044180481333777395225315132165633
                      0.195845857934238309905339292527060
                      0.000000000000000000000000000000000
                      0.000000000000000000000000000000000
                7000000.000000000000000000000000000000011
                7000000.000000000000000000000000000000011
                7000000.000000000000000000000000000000011
                      0.064952131429407505835982306052756
                      0.163994676082292567542708638939075
                     -0.042782086173735925371808264117135
                      0.066276673244658829142750278151652
                      0.000000000000000000000000000000000
                      0.000000000000000000000000000000000
                     -0.013234192664035051428816913698938
                     -0.201419603452835466184112078735780
                      0.009548497478568871571491527561193
                      0.026157182375013725977863643379351
                      0.000000000000000000000000000000000
                      0.000000000000000000000000000000000
                7000000.000000000000000000000000000000011
                7000000.000000000000000000000000000000011
                7000000.000000000000000000000000000000011
                      0.107831879211786454964006054524361
                      0.019351968552514087207327975193039
                     -0.058215161596298331536658565710241
                      0.138182016910022381628309062762128
                      0.000000000000000000000000000000000
                      0.000000000000000000000000000000000
                      0.103533481949677680367116749948764
                     -0.079508568240593158193973977176938
                     -0.023569175575445439063670960422314
                      0.221463060138606809834627142663521
                      0.000000000000000000000000000000000
                      0.000000000000000000000000000000000
                7000000.000000000000000000000000000000011
                7000000.000000000000000000000000000000011
                7000000.000000000000000000000000000000011
                     -0.059487255842846684106284271820186
                     -0.007476399464047151291468118472494
                     -0.087171176996622634636224802306970
                      0.256013834469718148945105440361658
                      0.000000000000000000000000000000000
                      0.000000000000000000000000000000000
                     -0.077360536450150910181555730105174
                     -0.157656793376371423542892102886981
                     -0.029071008326029757623532034926939
                      0.160114628561106087101251205240260
                      0.000000000000000000000000000000000
                      0.000000000000000000000000000000000
                7000000.000000000000000000000000000000011
                7000000.000000000000000000000000000000011
                7000000.000000000000000000000000000000011
                      0.102909682273844324540412742408080
                     -0.046185061642165813056148948589907
                     -0.004595083868314172106939174966556
                      0.034985097691241279216356474535132
                      0.000000000000000000000000000000000
                      0.000000000000000000000000000000000
                      0.065340826144664340691115000936406
                      0.179127439942055821653354996669805
                      0.014605566061647042019888687036655
                      0.195725961194990777380908753002586
                      0.000000000000000000000000000000000
                      0.000000000000000000000000000000000
                7000000.000000000000000000000000000000011
                7000000.000000000000000000000000000000011
                7000000.000000000000000000000000000000011
                     -0.037218242033100749910357052385734
                      0.179955259927243371720351206022315
                      0.056478581333344705928123374860661
                      0.139528855672303248036669742759841
                      0.000000000000000000000000000000000
                      0.000000000000000000000000000000000
                     -0.043130721851398608202021733859510
                      0.149476867400800905727464851224795
                     -0.087229326366299320127950522874016
                      0.052410892003393313998138580700470
                      0.000000000000000000000000000000000
                      0.000000000000000000000000000000000
                7000000.000000000000000000000000000000011
                7000000.000000000000000000000000000000011
                7000000.000000000000000000000000000000011
                      0.014537537918685746948788128918295
                      0.080948688866707460554117403717100
                     -0.001920479142149965302507896858231
                     -0.063616448257394833665223643492936
                      0.000000000000000000000000000000000
                      0.000000000000000000000000000000000
                      0.028683520888891728128911040585081
                      0.171703516418246077135378868661064
                     -0.004658689179741072432239246126073
                      0.255177631611099908770512456612778
                      0.000000000000000000000000000000000
                      0.000000000000000000000000000000000
                7000000.000000000000000000000000000000011
                7000000.000000000000000000000000000000011
                7000000.000000000000000000000000000000011
                     -0.036043626895696768974719503830784
                     -0.127796593445285794343746488266333
                      0.100696260877647186804395573744841
                      0.116065172309331138267296523736150
                      0.000000000000000000000000000000000
                      0.000000000000000000000000000000000
                     -0.053226159712274935531528541332591
                      0.183360700557980815794678619568003
                      0.010911564825742861573054653945292
                      0.097931870730865219765171048038610
                      0.000000000000000000000000000000000
                      0.000000000000000000000000000000000
                7000000.000000000000000000000000000000011
                7000000.000000000000000000000000000000011
                7000000.000000000000000000000000000000011
                     -0.107065453293401224854619613324758
                     -0.006885289999980522164524376904637
                      0.065675115498495029164871539251180
                      0.116054658826356071887886400872958
                      0.000000000000000000000000000000000
                      0.000000000000000000000000000000000
                     -0.058387075934714885439014153689641
                     -0.017176251481278340116354286237765
                      0.093852161701758141099105614557629
                      0.042703604804035288911023826585733
                      0.000000000000000000000000000000000
                      0.000000000000000000000000000000000
                7000000.000000000000000000000000000000011
                7000000.000000000000000000000000000000011
                7000000.000000000000000000000000000000011
                     -0.041649292985127199517858542776594
                      0.092376156630424449689442667477124
                     -0.022708790640442677588595188353793
                      0.345504826518063301588057356639183
                      0.000000000000000000000000000000000
                      0.000000000000000000000000000000000
                     -0.004827165731158917713616851585812
                     -0.148664983462532485081197819454246
                     -0.029645478724164377182237473107307
                     -0.012346305993970817238558623785138
                      0.000000000000000000000000000000000
                      0.000000000000000000000000000000000
                7000000.000000000000000000000000000000011
                7000000.000000000000000000000000000000011
                7000000.000000000000000000000000000000011
                      0.015750491240053211827731871608194
                      0.222320660595406560666731365927262
                      0.011373085577712674365535860943055
                      0.160042747051871936392331008391920
                      0.000000000000000000000000000000000
                      0.000000000000000000000000000000000
                     -0.005824323950246491042592733577976
                      0.195989379269561558860601735432283
                      0.051909274583864128960186690164846
                      0.216012519720806955847436370277137
                      0.000000000000000000000000000000000
                      0.000000000000000000000000000000000
                7000000.000000000000000000000000000000011
                7000000.000000000000000000000000000000011
                7000000.000000000000000000000000000000011
                     -0.053757773381183746042033533285576
                      0.155744858525757839950998118183634
                      0.049643593480664056916129567298412
                      0.057648937044233905524492911354173
                      0.000000000000000000000000000000000
                      0.000000000000000000000000000000000
                     -0.040014728855757755732192038067296
                      0.117151016383684525301589474111097
                     -0.099804814344054748609380567359040
                      0.191845300562490495011047642037738
                      0.000000000000000000000000000000000
                      0.000000000000000000000000000000000
                7000000.000000000000000000000000000000011
                7000000.000000000000000000000000000000011
                7000000.000000000000000000000000000000011
                      0.011286878381683233818488787392198
                     -0.229417057767814680513396297101281
                     -0.003755840420993637393531905388500
                      0.187039138882650973760846113691514
                      0.000000000000000000000000000000000
                      0.000000000000000000000000000000000
                     -0.045637200217597886919840277641924
                     -0.023642607042811236706114641492604
                      0.025190888320926183019388133743632
                      0.345558871603017792040191125124693
                      0.000000000000000000000000000000000
                      0.000000000000000000000000000000000
                7000000.000000000000000000000000000000011
                7000000.000000000000000000000000000000011
                7000000.000000000000000000000000000000011
                     -0.017116763870188258372939671403401
                     -0.176089533175535467579564397055947
                     -0.054034336400414308132500451620217
                      0.222500231740700632476759324163140
                      0.000000000000000000000000000000000
                      0.000000000000000000000000000000000
                      0.044508494412426456710019095908137
                     -0.004151354847338447999482990979914
                      0.123050322932171954382063461252983
                      0.140850588360118655906205731298542
                      0.000000000000000000000000000000000
                      0.000000000000000000000000000000000
                7000000.000000000000000000000000000000011
                7000000.000000000000000000000000000000011
                7000000.000000000000000000000000000000011
                      0.016027620235483194810477414193883
                     -0.000350647175919369124847541074885
                     -0.118512221978810783351576674249372
                      0.051112869775589431231566095448215
                      0.000000000000000000000000000000000
                      0.000000000000000000000000000000000
                     -0.067820076093110207016145807301655
                      0.031805720961394300105862242844523
                     -0.006399726982819871172469827769191
                      0.340494058331738735923011063277954
                      0.000000000000000000000000000000000
                      0.000000000000000000000000000000000
                7000000.000000000000000000000000000000011
                7000000.000000000000000000000000000000011
                7000000.000000000000000000000000000000011
                     -0.026763802093606691573368649983422
                     -0.012402662926031161536033486925135
                      0.018644283864174208964481493921994
                      0.368727881845892335732628453115467
                      0.000000000000000000000000000000000
                      0.000000000000000000000000000000000
                     -0.057215849580403953245077985911848
                     -0.007408267724363190587233418682445
                     -0.102815135469019727776363026805484
                      0.136161549584048052752294211131812
                      0.000000000000000000000000000000000
                      0.000000000000000000000000000000000
                7000000.000000000000000000000000000000011
                7000000.000000000000000000000000000000011
                7000000.000000000000000000000000000000011
                     -0.061151577965245014489870101215274
                      0.035833616055501026076424153643529
                      0.110955324437667521286776661781914
                      0.123652993804309385694750744733028
                      0.000000000000000000000000000000000
                      0.000000000000000000000000000000000
                      0.084240738682169136186672631083638
                      0.163654515122529542470175556445611
                      0.000738990583123780298002714062022
                      0.141268051714640158200708697222581
                      0.000000000000000000000000000000000
                      0.000000000000000000000000000000000
                7000000.000000000000000000000000000000011
                7000000.000000000000000000000000000000011
                7000000.000000000000000000000000000000011
                     -0.056546965722173186952304035912675
                      0.094964774831639148233719538438891
                      0.072549207625819733813443690451095
                      0.041514216636159208262402131595081
                      0.000000000000000000000000000000000
                      0.000000000000000000000000000000000
                      0.003838994775513139470074497339169
                      0.011389266015762469774763587793132
                     -0.013382072735775102367838940153888
                      0.382725017038919312906131153795286
                      0.000000000000000000000000000000000
                      0.000000000000000000000000000000000
                7000000.000000000000000000000000000000011
                7000000.000000000000000000000000000000011
                7000000.000000000000000000000000000000011
                      0.083354284679596837848158941142174
                     -0.192626000508849842818293041091238
                     -0.000260811475536764161842206988240
                      0.164583179552813541057787460886175
                      0.000000000000000000000000000000000
                      0.000000000000000000000000000000000
                     -0.022895321323399567270406862462551
                      0.122670612220934255320869965544262
                     -0.093440525711633901084773867751210
                      0.167859351033398607189184303933871
                      0.000000000000000000000000000000000
                      0.000000000000000000000000000000000
                7000000.000000000000000000000000000000011
                7000000.000000000000000000000000000000011
                7000000.000000000000000000000000000000011
                      0.075163271758573041436690687078226
                     -0.170550592514273791078238673435408
                      0.044765276115845513416058309985601
                      0.057023367118726568658626518981691
                      0.000000000000000000000000000000000
                      0.000000000000000000000000000000000
                      0.063584998101105003054378528304369
                     -0.173721635055038542416738778229046
                     -0.075036576912090008351086112270423
                      0.116290149247993732095629582090623
                      0.000000000000000000000000000000000
                      0.000000000000000000000000000000000
                7000000.000000000000000000000000000000011
                7000000.000000000000000000000000000000011
                7000000.000000000000000000000000000000011
                     -0.000445798914893717659457123003719
                      0.005841287377452176847458797936952
                      0.083670150619358243937462304984365
                      0.286500148733939530298897579996265
                      0.000000000000000000000000000000000
                      0.000000000000000000000000000000000
                      0.114568714459583692599764503938786
                     -0.011158998350434172833200996421965
                      0.008979305207395975318984682189694
                      0.244123624967213959102707576676039
                      0.000000000000000000000000000000000
                      0.000000000000000000000000000000000
                7000000.000000000000000000000000000000011
                7000000.000000000000000000000000000000011
                7000000.000000000000000000000000000000011
                     -0.029325780114557845057454699144728
                      0.062492742304007829756695713285808
                     -0.101787594037763065579760279888433
                      0.016734473621713343710615262693864
                      0.000000000000000000000000000000000
                      0.000000000000000000000000000000000
                      0.037808717189222573740181587709230
                     -0.161500332409883540218942243882339
                      0.064806607565888504907114509023813
                      0.243154913082022972048434894531965
                      0.000000000000000000000000000000000
                      0.000000000000000000000000000000000
                7000000.000000000000000000000000000000011
                7000000.000000000000000000000000000000011
                7000000.000000000000000000000000000000011
                     -0.068222723535232232539016195005388
                      0.191632307328346518371375850620097
                     -0.000498733275249525764838409713775
                      0.214104991426502078155635899747722
                      0.000000000000000000000000000000000
                      0.000000000000000000000000000000000
                      0.107773532493165721812822255287756
                      0.032246176624897759932508733982104
                      0.058888179003712834425066091625922
                      0.166851336128313848528037510732247
                      0.000000000000000000000000000000000
                      0.000000000000000000000000000000000
                7000000.000000000000000000000000000000011
                7000000.000000000000000000000000000000011
                7000000.000000000000000000000000000000011
                      0.022735185301684470576821794907119
                      0.170740669644138420846246617657016
                      0.070326435946420073896945268643321
                      0.097197179316502388402021495039662
                      0.000000000000000000000000000000000
                      0.000000000000000000000000000000000
                     -0.041930180412130965694750273087266
                      0.121273791643288234021191840383835
                      0.055302531249648283206976628889606
                      0.288661870144270360505345252022380
                      0.000000000000000000000000000000000
                      0.000000000000000000000000000000000
                7000000.000000000000000000000000000000011
                7000000.000000000000000000000000000000011
                7000000.000000000000000000000000000000011
                      0.015517621011488916260567805238679
                     -0.091507269093378931779092511078488
                     -0.120270366697957695190090987580334
                      0.145159106694787487512599000183400
                      0.000000000000000000000000000000000
                      0.000000000000000000000000000000000
                     -0.032709600579762118655047231641220
                      0.054225372725600372303400575901833
                     -0.072892853371908400417211737476464
                     -0.023763045631429911830334589240010
                      0.000000000000000000000000000000000
                      0.000000000000000000000000000000000
                7000000.000000000000000000000000000000011
                7000000.000000000000000000000000000000011
                7000000.000000000000000000000000000000011
                     -0.049562899420462797062114645996189
                      0.167195546505320341568179287605744
                     -0.072299921521287571768432655971992
                      0.095707700599035619437593425118393
                      0.000000000000000000000000000000000
                      0.000000000000000000000000000000000
                     -0.092470944901971066642865082485514
                     -0.060298464710825963597251586634229
                      0.091100576054823079186206769009004
                      0.131698215611722901918767547613243
                      0.000000000000000000000000000000000
                      0.000000000000000000000000000000000
                7000000.000000000000000000000000000000011
                7000000.000000000000000000000000000000011
                7000000.000000000000000000000000000000011
                     -0.126944581295083402938672634263639
                      0.018103485563886655140830583832212
                     -0.001240601096906876650571849296512
                      0.164491163366839554527132349903695
                      0.000000000000000000000000000000000
                      0.000000000000000000000000000000000
                      0.008052449469257805941824202022872
                     -0.233817911128523570063464376289630
                     -0.004067073433192605960706522694181
                      0.155410457200172297254070485905686
                      0.000000000000000000000000000000000
                      0.000000000000000000000000000000000
                7000000.000000000000000000000000000000011
                7000000.000000000000000000000000000000011
                7000000.000000000000000000000000000000011
                     -0.063950216196277914759704685820907
                     -0.047028528731552353414624434435609
                     -0.000115962279809608370499673934972
                     -0.041611001298911522161549925158397
                      0.000000000000000000000000000000000
                      0.000000000000000000000000000000000
                      0.043891014989686276404068365764033
                      0.004003453060124964602017882953078
                      0.103600587170872032727331202295318
                      0.070713261218657494366901516968937
                      0.000000000000000000000000000000000
                      0.000000000000000000000000000000000
                7000000.000000000000000000000000000000011
                7000000.000000000000000000000000000000011
                7000000.000000000000000000000000000000011
                      0.045587835440139466702813564324970
                      0.205180664221107728062420960668533
                      0.013745888379942058227234369383041
                      0.225079433492816616269038831887883
                      0.000000000000000000000000000000000
                      0.000000000000000000000000000000000
                     -0.024031510456804443948142235853993
                     -0.071280960794817604941897570824949
                      0.109794669350844684152512797936652
                      0.157405319713878083520697259700682
                      0.000000000000000000000000000000000
                      0.000000000000000000000000000000000
                7000000.000000000000000000000000000000011
                7000000.000000000000000000000000000000011
                7000000.000000000000000000000000000000011
                     -0.021998905146987452613460689576641
                     -0.018305083296015826205271892490600
                     -0.122096057525535442445097089603223
                      0.050694175846850333955195821999951
                      0.000000000000000000000000000000000
                      0.000000000000000000000000000000000
                      0.093044432542149141385223742872768
                      0.012718368793852442844016792378170
                     -0.008132465123234042941868793263893
                     -0.004129347158770265389937659250563
                      0.000000000000000000000000000000000
                      0.000000000000000000000000000000000
                7000000.000000000000000000000000000000011
                7000000.000000000000000000000000000000011
                7000000.000000000000000000000000000000011
                     -0.011158919651253649749089724707574
                     -0.218698491522620469540427734500554
                      0.030804451642031868696669505425234
                      0.197351801637240004128059922550165
                      0.000000000000000000000000000000000
                      0.000000000000000000000000000000000
                     -0.061841830390031181374776991788167
                      0.181868783405515405116048555100861
                     -0.025035062479889569342361710369005
                      0.041986066002298115529267619194798
                      0.000000000000000000000000000000000
                      0.000000000000000000000000000000000
                7000000.000000000000000000000000000000011
                7000000.000000000000000000000000000000011
                7000000.000000000000000000000000000000011
                      0.029264014193374491418220273430961
                     -0.202517059070859317682078426514636
                      0.001157733170139225824246675955465
                      0.243046798828261967351238581613870
                      0.000000000000000000000000000000000
                      0.000000000000000000000000000000000
                     -0.103188020532704649578903399742558
                      0.067924936700523602661760946830327
                     -0.067450653305343194476861867769912
                      0.113563771136021632313095608424192
                      0.000000000000000000000000000000000
                      0.000000000000000000000000000000000
                7000000.000000000000000000000000000000011
                7000000.000000000000000000000000000000011
                7000000.000000000000000000000000000000011
                      0.106470908210555367801042336850514
                      0.037872789160102664218765511350284
                     -0.057148685627513018392420462987502
                      0.133653168225028928794984039996052
                      0.000000000000000000000000000000000
                      0.000000000000000000000000000000000
                     -0.078217045194411874420303831811907
                      0.140330358117230019621146652752941
                      0.032030203786777892982495785645369
                      0.217333246787894396323537193893571
                      0.000000000000000000000000000000000
                      0.000000000000000000000000000000000
                7000000.000000000000000000000000000000011
                7000000.000000000000000000000000000000011
                7000000.000000000000000000000000000000011
                     -0.061714106041837878124933780554784
                     -0.002990133516949728537115404947144
                     -0.029509218937254257097979603940985
                      0.334961750112233835885433563817060
                      0.000000000000000000000000000000000
                      0.000000000000000000000000000000000
                      0.089371397756627085628977624764957
                     -0.132052462940615344955119780934183
                     -0.033457195938081885078219102069852
                      0.192708418458138686091274394129869
                      0.000000000000000000000000000000000
                      0.000000000000000000000000000000000
                7000000.000000000000000000000000000000011
                7000000.000000000000000000000000000000011
                7000000.000000000000000000000000000000011
                      0.110499553301769831703538216061133
                     -0.001097818968909069917497256518857
                      0.040525276399876665467392200525865
                      0.136277554121713162516016382141970
                      0.000000000000000000000000000000000
                      0.000000000000000000000000000000000
                     -0.024747415572044066667256601022018
                     -0.206553976749755757724713589595922
                      0.042755223823809022920539035794718
                      0.144921274809233280311815406093956
                      0.000000000000000000000000000000000
                      0.000000000000000000000000000000000
                7000000.000000000000000000000000000000011
                7000000.000000000000000000000000000000011
                7000000.000000000000000000000000000000011
                     -0.062028691959799188426760707670837
                     -0.168253726326968416904250602783577
                     -0.045863162956095659961164301421377
                      0.158499271634225474825186097405094
                      0.000000000000000000000000000000000
                      0.000000000000000000000000000000000
                     -0.032586621388396040666091124649029
                     -0.124513588023925522718649006037595
                      0.030384289117421230813631538580921
                      0.322608569980021742118481142824749
                      0.000000000000000000000000000000000
                      0.000000000000000000000000000000000
                7000000.000000000000000000000000000000011
                7000000.000000000000000000000000000000011
                7000000.000000000000000000000000000000011
                      0.042506138589891287460353908045363
                     -0.045618394797807368390429871851666
                     -0.110453990338810537075175943755312
                      0.144923694253234952578068828188407
                      0.000000000000000000000000000000000
                      0.000000000000000000000000000000000
                      0.073373419607840287270938972596923
                     -0.116076341654659145885553073185292
                     -0.063333635194056520090200024242222
                      0.108282025455590069640265937778167
                      0.000000000000000000000000000000000
                      0.000000000000000000000000000000000
                7000000.000000000000000000000000000000011
                7000000.000000000000000000000000000000011
                7000000.000000000000000000000000000000011
                     -0.037492641950907679149196383150411
                      0.100364173053392610746037405533571
                      0.099256003465481593139863036867609
                      0.083582783503032886951444879741757
                      0.000000000000000000000000000000000
                      0.000000000000000000000000000000000
                      0.067706021428943830020585892270901
                      0.151427302930614376963447398338758
                     -0.017746887596075986565091753277557
                      0.067920399019734442602747037653899
                      0.000000000000000000000000000000000
                      0.000000000000000000000000000000000
                7000000.000000000000000000000000000000011
                7000000.000000000000000000000000000000011
                7000000.000000000000000000000000000000011
                     -0.107903598242027345954774375513807
                     -0.007662803275322135898584008373291
                      0.056003348556187153295393699181659
                      0.093067405666271571518244343224069
                      0.000000000000000000000000000000000
                      0.000000000000000000000000000000000
                      0.068522013292862310462894015472557
                      0.005531830435538807010098505401174
                     -0.044763591465655117040967070352053
                      0.317148822986791201206102641663165
                      0.000000000000000000000000000000000
                      0.000000000000000000000000000000000
                7000000.000000000000000000000000000000011
                7000000.000000000000000000000000000000011
                7000000.000000000000000000000000000000011
                     -0.014021066401154257813344017336021
                     -0.114918716628458345008212404536607
                     -0.101667470376697044454061824581004
                      0.052083393222443485903738746856106
                      0.000000000000000000000000000000000
                      0.000000000000000000000000000000000
                     -0.055651334261745677434163326324779
                      0.087773758276255720023328876777668
                      0.089945274582050260825383247720310
                      0.092014933536744461517464799271693
                      0.000000000000000000000000000000000
                      0.000000000000000000000000000000000
                7000000.000000000000000000000000000000011
                7000000.000000000000000000000000000000011
                7000000.000000000000000000000000000000011
                      0.018353638175488448669447905103880
                     -0.204336358985327370962892246097908
                     -0.049730942154977655911274325717386
                      0.131043392800088365213184715685202
                      0.000000000000000000000000000000000
                      0.000000000000000000000000000000000
                      0.096266587645092022151871447022131
                      0.043314184761873694706757476069470
                     -0.025923170073872226631950255182346
                      0.005251363759880859835571520477515
                      0.000000000000000000000000000000000
                      0.000000000000000000000000000000000
                7000000.000000000000000000000000000000011
                7000000.000000000000000000000000000000011
                7000000.000000000000000000000000000000011
                     -0.047217876654553715687345771812033
                     -0.159731434886586282084763865896093
                     -0.008201013490637735353638859692182
                      0.270208188409906902016643925890094
                      0.000000000000000000000000000000000
                      0.000000000000000000000000000000000
                      0.040040736641060233058642126025006
                      0.107150105514790872085484352282947
                     -0.085101837517603751148698165707174
                      0.235998463781875889022643377757049
                      0.000000000000000000000000000000000
                      0.000000000000000000000000000000000
                7000000.000000000000000000000000000000011
                7000000.000000000000000000000000000000011
                7000000.000000000000000000000000000000011
                      0.121652215114150280550475713425840
                      0.055413892202834817701795344646598
                     -0.004829704697835841831210501595706
                      0.121963225456451579420402708819893
                      0.000000000000000000000000000000000
                      0.000000000000000000000000000000000
                      0.024337592857957501824017754188390
                      0.076386232801192374686216624013468
                     -0.094730846623686526530860874117934
                      0.217726953713606674600811174968840
                      0.000000000000000000000000000000000
                      0.000000000000000000000000000000000
                7000000.000000000000000000000000000000011
                7000000.000000000000000000000000000000011
                7000000.000000000000000000000000000000011
                     -0.098678549761539641194119099054660
                      0.039811931298221456265729045753687
                      0.020685692916028754900770181279768
                      0.044285951580189990284264212050402
                      0.000000000000000000000000000000000
                      0.000000000000000000000000000000000
                      0.042431736479799864181217117220513
                     -0.017412936726013347049635271446277
                      0.122364698808064789603555766461795
                      0.155148546429163508575399532674055
                      0.000000000000000000000000000000000
                      0.000000000000000000000000000000000
                7000000.000000000000000000000000000000011
                7000000.000000000000000000000000000000011
                7000000.000000000000000000000000000000011
                     -0.015274195389927816557396056396101
                      0.021321928310306263731899178992535
                      0.031787390729117154242189258184226
                     -0.068219246175366357598512934146129
                      0.000000000000000000000000000000000
                      0.000000000000000000000000000000000
                     -0.029485511779121214431809150369190
                     -0.105802991077109373452280749461352
                     -0.097587732612518893193787050677201
                      0.214363438164044045608491728671652
                      0.000000000000000000000000000000000
                      0.000000000000000000000000000000000
                7000000.000000000000000000000000000000011
                7000000.000000000000000000000000000000011
                7000000.000000000000000000000000000000011
                      0.039734053515346041962619239029664
                      0.004670175816101240773292602170841
                      0.104440812291779344667119744372030
                      0.064690667013604527535441945929051
                      0.000000000000000000000000000000000
                      0.000000000000000000000000000000000
                     -0.049001431145896133523276461119167
                     -0.043866614508617556011937921311983
                      0.104830749266471054403915275088366
                      0.154916774550095559526141641981667
                      0.000000000000000000000000000000000
                      0.000000000000000000000000000000000
                7000000.000000000000000000000000000000011
                7000000.000000000000000000000000000000011
                7000000.000000000000000000000000000000011
                     -0.051235936627397921094839716715796
                      0.068827576393038589208650535056222
                      0.108608252173259978157204841409111
                      0.104170142707373722390506998181081
                      0.000000000000000000000000000000000
                      0.000000000000000000000000000000000
                     -0.052715508941242529561410634642016
                     -0.204731285971824328306922780029709
                      0.002372461173046945884235192636424
                      0.140627009743760522653133193671238
                      0.000000000000000000000000000000000
                      0.000000000000000000000000000000000
                7000000.000000000000000000000000000000011
                7000000.000000000000000000000000000000011
                7000000.000000000000000000000000000000011
                      0.011926431181721954682961595040069
                     -0.141451838862416051645354286847578
                     -0.022294320328723263302528323492879
                      0.306676157666061988127381710000918
                      0.000000000000000000000000000000000
                      0.000000000000000000000000000000000
                      0.002550838300936464266704950532016
                     -0.005993483826125649630012226509734
                      0.119741914501191870634499991865596
                      0.181140263940794327135463959166373
                      0.000000000000000000000000000000000
                      0.000000000000000000000000000000000
                7000000.000000000000000000000000000000011
                7000000.000000000000000000000000000000011
                7000000.000000000000000000000000000000011
                      0.024479106039096185098991043105343
                      0.206373958621748065933587668041582
                      0.017190602916054686238878090875914
                      0.025470492838284248399149944930286
                      0.000000000000000000000000000000000
                      0.000000000000000000000000000000000
                      0.055006876738104303059540001186178
                      0.065210675241981402860957928169228
                     -0.086240821865953359859346960547555
                      0.210631612054603345463021923933411
                      0.000000000000000000000000000000000
                      0.000000000000000000000000000000000
                7000000.000000000000000000000000000000011
                7000000.000000000000000000000000000000011
                7000000.000000000000000000000000000000011
                     -0.011140043098794818327013089742650
                     -0.214987210845200588105186056964158
                      0.011917633385818015082091569922795
                      0.014494016848152819001982472002510
                      0.000000000000000000000000000000000
                      0.000000000000000000000000000000000
                      0.115498148884289483784293395274290
                      0.038245211127476454182616549815066
                      0.049632691419172786373437133988773
                      0.239507122883927142664717280240438
                      0.000000000000000000000000000000000
                      0.000000000000000000000000000000000
                7000000.000000000000000000000000000000011
                7000000.000000000000000000000000000000011
                7000000.000000000000000000000000000000011
                      0.003716112602316967283150317413742
                     -0.002006791777755500150864920172467
                     -0.011164187896556912807377592855573
                     -0.069363807726377652018712183235039
                      0.000000000000000000000000000000000
                      0.000000000000000000000000000000000
                     -0.078590756498996827694725197943626
                     -0.148502249576274780729079338925658
                      0.029013932461824550046447512841041
                      0.204733686619562732511568015070225
                      0.000000000000000000000000000000000
                      0.000000000000000000000000000000000
                7000000.000000000000000000000000000000011
                7000000.000000000000000000000000000000011
                7000000.000000000000000000000000000000011
                     -0.029325780114557845057454699144728
                      0.062492742304007829756695713285808
                     -0.101787594037763065579760279888433
                      0.016734473621713343710615262693864
                      0.000000000000000000000000000000000
                      0.000000000000000000000000000000000
                      0.037808717189222573740181587709230
                     -0.161500332409883540218942243882339
                      0.064806607565888504907114509023813
                      0.243154913082022972048434894531965
                      0.000000000000000000000000000000000
                      0.000000000000000000000000000000000
                7000000.000000000000000000000000000000011
                7000000.000000000000000000000000000000011
                7000000.000000000000000000000000000000011
                     -0.068222723535232232539016195005388
                      0.191632307328346518371375850620097
                     -0.000498733275249525764838409713775
                      0.214104991426502078155635899747722
                      0.000000000000000000000000000000000
                      0.000000000000000000000000000000000
                      0.107773532493165721812822255287756
                      0.032246176624897759932508733982104
                      0.058888179003712834425066091625922
                      0.166851336128313848528037510732247
                      0.000000000000000000000000000000000
                      0.000000000000000000000000000000000
                7000000.000000000000000000000000000000011
                7000000.000000000000000000000000000000011
                7000000.000000000000000000000000000000011
                      0.022735185301684470576821794907119
                      0.170740669644138420846246617657016
                      0.070326435946420073896945268643321
                      0.097197179316502388402021495039662
                      0.000000000000000000000000000000000
                      0.000000000000000000000000000000000
                     -0.041930180412130965694750273087266
                      0.121273791643288234021191840383835
                      0.055302531249648283206976628889606
                      0.288661870144270360505345252022380
                      0.000000000000000000000000000000000
                      0.000000000000000000000000000000000
                7000000.000000000000000000000000000000011
                7000000.000000000000000000000000000000011
                7000000.000000000000000000000000000000011
                      0.015517621011488916260567805238679
                     -0.091507269093378931779092511078488
                     -0.120270366697957695190090987580334
                      0.145159106694787487512599000183400
                      0.000000000000000000000000000000000
                      0.000000000000000000000000000000000
                     -0.032709600579762118655047231641220
                      0.054225372725600372303400575901833
                     -0.072892853371908400417211737476464
                     -0.023763045631429911830334589240010
                      0.000000000000000000000000000000000
                      0.000000000000000000000000000000000
                7000000.000000000000000000000000000000011
                7000000.000000000000000000000000000000011
                7000000.000000000000000000000000000000011
                     -0.049562899420462797062114645996189
                      0.167195546505320341568179287605744
                     -0.072299921521287571768432655971992
                      0.095707700599035619437593425118393
                      0.000000000000000000000000000000000
                      0.000000000000000000000000000000000
                     -0.092470944901971066642865082485514
                     -0.060298464710825963597251586634229
                      0.091100576054823079186206769009004
                      0.131698215611722901918767547613243
                      0.000000000000000000000000000000000
                      0.000000000000000000000000000000000
                7000000.000000000000000000000000000000011
                7000000.000000000000000000000000000000011
                7000000.000000000000000000000000000000011
                     -0.126944581295083402938672634263639
                      0.018103485563886655140830583832212
                     -0.001240601096906876650571849296512
                      0.164491163366839554527132349903695
                      0.000000000000000000000000000000000
                      0.000000000000000000000000000000000
                      0.008052449469257805941824202022872
                     -0.233817911128523570063464376289630
                     -0.004067073433192605960706522694181
                      0.155410457200172297254070485905686
                      0.000000000000000000000000000000000
                      0.000000000000000000000000000000000
                7000000.000000000000000000000000000000011
                7000000.000000000000000000000000000000011
                7000000.000000000000000000000000000000011
                     -0.063950216196277914759704685820907
                     -0.047028528731552353414624434435609
                     -0.000115962279809608370499673934972
                     -0.041611001298911522161549925158397
                      0.000000000000000000000000000000000
                      0.000000000000000000000000000000000
                      0.043891014989686276404068365764033
                      0.004003453060124964602017882953078
                      0.103600587170872032727331202295318
                      0.070713261218657494366901516968937
                      0.000000000000000000000000000000000
                      0.000000000000000000000000000000000
                7000000.000000000000000000000000000000011
                7000000.000000000000000000000000000000011
                7000000.000000000000000000000000000000011
                      0.045587835440139466702813564324970
                      0.205180664221107728062420960668533
                      0.013745888379942058227234369383041
                      0.225079433492816616269038831887883
                      0.000000000000000000000000000000000
                      0.000000000000000000000000000000000
                     -0.024031510456804443948142235853993
                     -0.071280960794817604941897570824949
                      0.109794669350844684152512797936652
                      0.157405319713878083520697259700682
                      0.000000000000000000000000000000000
                      0.000000000000000000000000000000000
                7000000.000000000000000000000000000000011
                7000000.000000000000000000000000000000011
                7000000.000000000000000000000000000000011
                     -0.021998905146987452613460689576641
                     -0.018305083296015826205271892490600
                     -0.122096057525535442445097089603223
                      0.050694175846850333955195821999951
                      0.000000000000000000000000000000000
                      0.000000000000000000000000000000000
                      0.093044432542149141385223742872768
                      0.012718368793852442844016792378170
                     -0.008132465123234042941868793263893
                     -0.004129347158770265389937659250563
                      0.000000000000000000000000000000000
                      0.000000000000000000000000000000000
                7000000.000000000000000000000000000000011
                7000000.000000000000000000000000000000011
                7000000.000000000000000000000000000000011
                     -0.011158919651253649749089724707574
                     -0.218698491522620469540427734500554
                      0.030804451642031868696669505425234
                      0.197351801637240004128059922550165
                      0.000000000000000000000000000000000
                      0.000000000000000000000000000000000
                     -0.061841830390031181374776991788167
                      0.181868783405515405116048555100861
                     -0.025035062479889569342361710369005
                      0.041986066002298115529267619194798
                      0.000000000000000000000000000000000
                      0.000000000000000000000000000000000
                7000000.000000000000000000000000000000011
                7000000.000000000000000000000000000000011
                7000000.000000000000000000000000000000011
                      0.029264014193374491418220273430961
                     -0.202517059070859317682078426514636
                      0.001157733170139225824246675955465
                      0.243046798828261967351238581613870
                      0.000000000000000000000000000000000
                      0.000000000000000000000000000000000
                     -0.103188020532704649578903399742558
                      0.067924936700523602661760946830327
                     -0.067450653305343194476861867769912
                      0.113563771136021632313095608424192
                      0.000000000000000000000000000000000
                      0.000000000000000000000000000000000
                7000000.000000000000000000000000000000011
                7000000.000000000000000000000000000000011
                7000000.000000000000000000000000000000011
                      0.106470908210555367801042336850514
                      0.037872789160102664218765511350284
                     -0.057148685627513018392420462987502
                      0.133653168225028928794984039996052
                      0.000000000000000000000000000000000
                      0.000000000000000000000000000000000
                     -0.078217045194411874420303831811907
                      0.140330358117230019621146652752941
                      0.032030203786777892982495785645369
                      0.217333246787894396323537193893571
                      0.000000000000000000000000000000000
                      0.000000000000000000000000000000000
                7000000.000000000000000000000000000000011
                7000000.000000000000000000000000000000011
                7000000.000000000000000000000000000000011
                     -0.061714106041837878124933780554784
                     -0.002990133516949728537115404947144
                     -0.029509218937254257097979603940985
                      0.334961750112233835885433563817060
                      0.000000000000000000000000000000000
                      0.000000000000000000000000000000000
                      0.089371397756627085628977624764957
                     -0.132052462940615344955119780934183
                     -0.033457195938081885078219102069852
                      0.192708418458138686091274394129869
                      0.000000000000000000000000000000000
                      0.000000000000000000000000000000000
                7000000.000000000000000000000000000000011
                7000000.000000000000000000000000000000011
                7000000.000000000000000000000000000000011
                      0.110499553301769831703538216061133
                     -0.001097818968909069917497256518857
                      0.040525276399876665467392200525865
                      0.136277554121713162516016382141970
                      0.000000000000000000000000000000000
                      0.000000000000000000000000000000000
                     -0.024747415572044066667256601022018
                     -0.206553976749755757724713589595922
                      0.042755223823809022920539035794718
                      0.144921274809233280311815406093956
                      0.000000000000000000000000000000000
                      0.000000000000000000000000000000000
                7000000.000000000000000000000000000000011
                7000000.000000000000000000000000000000011
                7000000.000000000000000000000000000000011
                     -0.062028691959799188426760707670837
                     -0.168253726326968416904250602783577
                     -0.045863162956095659961164301421377
                      0.158499271634225474825186097405094
                      0.000000000000000000000000000000000
                      0.000000000000000000000000000000000
                     -0.032586621388396040666091124649029
                     -0.124513588023925522718649006037595
                      0.030384289117421230813631538580921
                      0.322608569980021742118481142824749
                      0.000000000000000000000000000000000
                      0.000000000000000000000000000000000
                7000000.000000000000000000000000000000011
                7000000.000000000000000000000000000000011
                7000000.000000000000000000000000000000011
                      0.042506138589891287460353908045363
                     -0.045618394797807368390429871851666
                     -0.110453990338810537075175943755312
                      0.144923694253234952578068828188407
                      0.000000000000000000000000000000000
                      0.000000000000000000000000000000000
                      0.073373419607840287270938972596923
                     -0.116076341654659145885553073185292
                     -0.063333635194056520090200024242222
                      0.108282025455590069640265937778167
                      0.000000000000000000000000000000000
                      0.000000000000000000000000000000000
                7000000.000000000000000000000000000000011
                7000000.000000000000000000000000000000011
                7000000.000000000000000000000000000000011
                     -0.037492641950907679149196383150411
                      0.100364173053392610746037405533571
                      0.099256003465481593139863036867609
                      0.083582783503032886951444879741757
                      0.000000000000000000000000000000000
                      0.000000000000000000000000000000000
                      0.067706021428943830020585892270901
                      0.151427302930614376963447398338758
                     -0.017746887596075986565091753277557
                      0.067920399019734442602747037653899
                      0.000000000000000000000000000000000
                      0.000000000000000000000000000000000
                7000000.000000000000000000000000000000011
                7000000.000000000000000000000000000000011
                7000000.000000000000000000000000000000011
                     -0.107903598242027345954774375513807
                     -0.007662803275322135898584008373291
                      0.056003348556187153295393699181659
                      0.093067405666271571518244343224069
                      0.000000000000000000000000000000000
                      0.000000000000000000000000000000000
                      0.068522013292862310462894015472557
                      0.005531830435538807010098505401174
                     -0.044763591465655117040967070352053
                      0.317148822986791201206102641663165
                      0.000000000000000000000000000000000
                      0.000000000000000000000000000000000
                7000000.000000000000000000000000000000011
                7000000.000000000000000000000000000000011
                7000000.000000000000000000000000000000011
                     -0.014021066401154257813344017336021
                     -0.114918716628458345008212404536607
                     -0.101667470376697044454061824581004
                      0.052083393222443485903738746856106
                      0.000000000000000000000000000000000
                      0.000000000000000000000000000000000
                     -0.055651334261745677434163326324779
                      0.087773758276255720023328876777668
                      0.089945274582050260825383247720310
                      0.092014933536744461517464799271693
                      0.000000000000000000000000000000000
                      0.000000000000000000000000000000000
                7000000.000000000000000000000000000000011
                7000000.000000000000000000000000000000011
                7000000.000000000000000000000000000000011
                      0.018353638175488448669447905103880
                     -0.204336358985327370962892246097908
                     -0.049730942154977655911274325717386
                      0.131043392800088365213184715685202
                      0.000000000000000000000000000000000
                      0.000000000000000000000000000000000
                      0.096266587645092022151871447022131
                      0.043314184761873694706757476069470
                     -0.025923170073872226631950255182346
                      0.005251363759880859835571520477515
                      0.000000000000000000000000000000000
                      0.000000000000000000000000000000000
                7000000.000000000000000000000000000000011
                7000000.000000000000000000000000000000011
                7000000.000000000000000000000000000000011
                     -0.047217876654553715687345771812033
                     -0.159731434886586282084763865896093
                     -0.008201013490637735353638859692182
                      0.270208188409906902016643925890094
                      0.000000000000000000000000000000000
                      0.000000000000000000000000000000000
                      0.040040736641060233058642126025006
                      0.107150105514790872085484352282947
                     -0.085101837517603751148698165707174
                      0.235998463781875889022643377757049
                      0.000000000000000000000000000000000
                      0.000000000000000000000000000000000
                7000000.000000000000000000000000000000011
                7000000.000000000000000000000000000000011
                7000000.000000000000000000000000000000011
                      0.121652215114150280550475713425840
                      0.055413892202834817701795344646598
                     -0.004829704697835841831210501595706
                      0.121963225456451579420402708819893
                      0.000000000000000000000000000000000
                      0.000000000000000000000000000000000
                      0.024337592857957501824017754188390
                      0.076386232801192374686216624013468
                     -0.094730846623686526530860874117934
                      0.217726953713606674600811174968840
                      0.000000000000000000000000000000000
                      0.000000000000000000000000000000000
                7000000.000000000000000000000000000000011
                7000000.000000000000000000000000000000011
                7000000.000000000000000000000000000000011
                     -0.098678549761539641194119099054660
                      0.039811931298221456265729045753687
                      0.020685692916028754900770181279768
                      0.044285951580189990284264212050402
                      0.000000000000000000000000000000000
                      0.000000000000000000000000000000000
                      0.042431736479799864181217117220513
                     -0.017412936726013347049635271446277
                      0.122364698808064789603555766461795
                      0.155148546429163508575399532674055
                      0.000000000000000000000000000000000
                      0.000000000000000000000000000000000
                7000000.000000000000000000000000000000011
                7000000.000000000000000000000000000000011
                7000000.000000000000000000000000000000011
                     -0.015274195389927816557396056396101
                      0.021321928310306263731899178992535
                      0.031787390729117154242189258184226
                     -0.068219246175366357598512934146129
                      0.000000000000000000000000000000000
                      0.000000000000000000000000000000000
                     -0.029485511779121214431809150369190
                     -0.105802991077109373452280749461352
                     -0.097587732612518893193787050677201
                      0.214363438164044045608491728671652
                      0.000000000000000000000000000000000
                      0.000000000000000000000000000000000
                7000000.000000000000000000000000000000011
                7000000.000000000000000000000000000000011
                7000000.000000000000000000000000000000011
                      0.039734053515346041962619239029664
                      0.004670175816101240773292602170841
                      0.104440812291779344667119744372030
                      0.064690667013604527535441945929051
                      0.000000000000000000000000000000000
                      0.000000000000000000000000000000000
                     -0.049001431145896133523276461119167
                     -0.043866614508617556011937921311983
                      0.104830749266471054403915275088366
                      0.154916774550095559526141641981667
                      0.000000000000000000000000000000000
                      0.000000000000000000000000000000000
                7000000.000000000000000000000000000000011
                7000000.000000000000000000000000000000011
                7000000.000000000000000000000000000000011
                     -0.051235936627397921094839716715796
                      0.068827576393038589208650535056222
                      0.108608252173259978157204841409111
                      0.104170142707373722390506998181081
                      0.000000000000000000000000000000000
                      0.000000000000000000000000000000000
                     -0.052715508941242529561410634642016
                     -0.204731285971824328306922780029709
                      0.002372461173046945884235192636424
                      0.140627009743760522653133193671238
                      0.000000000000000000000000000000000
                      0.000000000000000000000000000000000
                7000000.000000000000000000000000000000011
                7000000.000000000000000000000000000000011
                7000000.000000000000000000000000000000011
                      0.011926431181721954682961595040069
                     -0.141451838862416051645354286847578
                     -0.022294320328723263302528323492879
                      0.306676157666061988127381710000918
                      0.000000000000000000000000000000000
                      0.000000000000000000000000000000000
                      0.002550838300936464266704950532016
                     -0.005993483826125649630012226509734
                      0.119741914501191870634499991865596
                      0.181140263940794327135463959166373
                      0.000000000000000000000000000000000
                      0.000000000000000000000000000000000
                7000000.000000000000000000000000000000011
                7000000.000000000000000000000000000000011
                7000000.000000000000000000000000000000011
                      0.024479106039096185098991043105343
                      0.206373958621748065933587668041582
                      0.017190602916054686238878090875914
                      0.025470492838284248399149944930286
                      0.000000000000000000000000000000000
                      0.000000000000000000000000000000000
                      0.055006876738104303059540001186178
                      0.065210675241981402860957928169228
                     -0.086240821865953359859346960547555
                      0.210631612054603345463021923933411
                      0.000000000000000000000000000000000
                      0.000000000000000000000000000000000
                7000000.000000000000000000000000000000011
                7000000.000000000000000000000000000000011
                7000000.000000000000000000000000000000011
                     -0.011140043098794818327013089742650
                     -0.214987210845200588105186056964158
                      0.011917633385818015082091569922795
                      0.014494016848152819001982472002510
                      0.000000000000000000000000000000000
                      0.000000000000000000000000000000000
                      0.115498148884289483784293395274290
                      0.038245211127476454182616549815066
                      0.049632691419172786373437133988773
                      0.239507122883927142664717280240438
                      0.000000000000000000000000000000000
                      0.000000000000000000000000000000000
                7000000.000000000000000000000000000000011
                7000000.000000000000000000000000000000011
                7000000.000000000000000000000000000000011
                      0.003716112602316967283150317413742
                     -0.002006791777755500150864920172467
                     -0.011164187896556912807377592855573
                     -0.069363807726377652018712183235039
                      0.000000000000000000000000000000000
                      0.000000000000000000000000000000000
                     -0.078590756498996827694725197943626
                     -0.148502249576274780729079338925658
                      0.029013932461824550046447512841041
                      0.204733686619562732511568015070225
                      0.000000000000000000000000000000000
                      0.000000000000000000000000000000000
                7000000.000000000000000000000000000000011
                7000000.000000000000000000000000000000011
                7000000.000000000000000000000000000000011
