 62.000000  0.512190
 62.015625  0.143106
 62.031250  0.338673
 62.046875  0.303532
 62.062500  0.020489
 62.078125  0.035212
 62.093750  0.033570
 62.109375  0.024435
 62.125000  0.022867
 62.140625  0.025387
 62.156250  0.023826
 62.171875  0.027011
 62.187500  0.036396
 62.203125  0.079740
 62.218750  0.044306
 62.234375  0.170170
 62.250000  1.000000
 62.265625  0.138549
 62.281250  0.124080
 62.296875  0.013754
 62.312500  0.061671
 62.328125  0.049320
 62.343750  0.040505
 62.359375  0.042603
 62.375000  0.042933
 62.390625  0.048246
 62.406250  0.038219
 62.421875  0.079502
 62.437500  0.107469
 62.453125  0.121978
 62.468750  0.152604
 62.484375  0.850671
