 60.000000  0.338102
 60.015625  0.215634
 60.031250  1.000000
 60.046875  0.342154
 60.062500  0.370448
 60.078125  0.127148
 60.093750  0.818890
 60.109375  0.168744
 60.125000  0.782108
 60.140625  0.582272
 60.156250  0.836157
 60.171875  0.081213
 60.187500  0.276149
 60.203125  0.076196
 60.218750  0.486264
 60.234375  0.792531
 60.250000  0.088915
 60.265625  0.448598
 60.281250  0.415517
 60.296875  0.325653
 60.312500  0.578534
 60.328125  0.515844
 60.343750  0.837442
 60.359375  0.452862
 60.375000  0.277408
 60.390625  0.737907
 60.406250  0.663526
 60.421875  0.508934
 60.437500  0.078079
 60.453125  0.424183
 60.468750  0.429463
 60.484375  0.307158
