                   -890.111422755141461493622045964002609
          ***********************************************
                   5299.903674091309767391066998243331909
          ***********************************************
                      0.000000000000000000000000000000000
                      0.000000000000000000000000000000000
                      0.038556261693745888519124775939417
                      0.314597212099888556835480812878814
                     -0.063147502323969428861261121710413
                     -0.049213176076003194159280695885172
                      0.000000000000000000000000000000000
                      0.000000000000000000000000000000000
                7000000.000000000000000000000000000000011
                7000000.000000000000000000000000000000011
                7000000.000000000000000000000000000000011
                     -0.076448631818015963523826883374568
                     -0.140304949846121629342121650552144
                      0.191074730412360255238368722530140
                      0.113870356665659325234862819797854
                      0.000000000000000000000000000000000
                      0.000000000000000000000000000000000
          ***********************************************
          ***********************************************
          ***********************************************
          ***********************************************
                      0.000000000000000000000000000000000
                      0.000000000000000000000000000000000
                7000000.000000000000000000000000000000011
                7000000.000000000000000000000000000000011
                7000000.000000000000000000000000000000011
                      0.005679469658496799112923358876515
                     -0.008094319045424033451374690173452
                      0.150547697016122222768430560790875
                      0.258587780749883144881806629200582
                      0.000000000000000000000000000000000
                      0.000000000000000000000000000000000
              -19046491.370367441326379776000976562499980
          ***********************************************
               97093479.853484213352203369140624999999898
          ***********************************************
                      0.000000000000000000000000000000000
                      0.000000000000000000000000000000000
                7000000.000000000000000000000000000000011
                7000000.000000000000000000000000000000011
                7000000.000000000000000000000000000000011
          ***********************************************
          8772433244631.340820312500000000000000013628811
          ***********************************************
           969945045284.083251953125000000000000000210685
                      0.000000000000000000000000000000000
                      0.000000000000000000000000000000000
                     -0.082299886612610007041723747533979
                     -0.012227090240880226709729861056530
                     -0.065020664033874242537791587892571
                      0.027694307676560718511904468641660
                      0.000000000000000000000000000000000
                      0.000000000000000000000000000000000
                7000000.000000000000000000000000000000011
                7000000.000000000000000000000000000000011
                7000000.000000000000000000000000000000011
                      0.042026428152072102528702401968985
                     -0.090178407209026936741658175833436
                     -0.100685384818057804823254741677374
                      0.187326902317713012147137874308100
                      0.000000000000000000000000000000000
                      0.000000000000000000000000000000000
                      0.031743797161013144469965396865518
                      0.142316052312600110907325756670616
                     -0.063905790362535103144026038535230
                      0.257219969073913090618077603721758
                      0.000000000000000000000000000000000
                      0.000000000000000000000000000000000
                7000000.000000000000000000000000000000011
                7000000.000000000000000000000000000000011
                7000000.000000000000000000000000000000011
                     -0.056834362430605751825840599167350
                      0.195201325590978053137192205213069
                     -0.069496696817358816211651628691470
                     -0.023002217655464701762113577387936
                      0.000000000000000000000000000000000
                      0.000000000000000000000000000000000
                     -0.150269202176307098417495922149101
                      0.060252713737936024196439888100940
                      0.091411933344885856755901443193579
                      0.107022713693800661238775262518175
                      0.000000000000000000000000000000000
                      0.000000000000000000000000000000000
                7000000.000000000000000000000000000000011
                7000000.000000000000000000000000000000011
                7000000.000000000000000000000000000000011
                      0.057022333737860052271795296974233
                      0.162147621597401481174927084794035
                      0.045854242114840133848208125755264
                      0.276563870470709571858236586194835
                      0.000000000000000000000000000000000
                      0.000000000000000000000000000000000
                      0.002143946194717272994006984632165
                      0.005485139350742340540179053931524
                     -0.025857418398988554070205836410423
                     -0.079059573573107375099588978173415
                      0.000000000000000000000000000000000
                      0.000000000000000000000000000000000
                7000000.000000000000000000000000000000011
                7000000.000000000000000000000000000000011
                7000000.000000000000000000000000000000011
                      0.067906933884456566197229676618008
                     -0.019686069821148226288709537357136
                      0.049911265366281369615375496096021
                     -0.013393938901433942445517999431104
                      0.000000000000000000000000000000000
                      0.000000000000000000000000000000000
                      0.005554288475758289642114640116688
                      0.001371790483980231010671668734346
                      0.122825849037217868509053175785084
                      0.069639793607531641495000940267346
                      0.000000000000000000000000000000000
                      0.000000000000000000000000000000000
                7000000.000000000000000000000000000000011
                7000000.000000000000000000000000000000011
                7000000.000000000000000000000000000000011
                      0.072802694165174416940367052575311
                      0.122907050625587252468129406679509
                     -0.034332769504299802398872287767517
                      0.273246377081288571719852598107536
                      0.000000000000000000000000000000000
                      0.000000000000000000000000000000000
                      0.005596733585336575653168544874916
                      0.098623583315966295570476063403476
                     -0.184115280470527609146813574625412
                      0.038297973381598481024123969973516
                      0.000000000000000000000000000000000
                      0.000000000000000000000000000000000
                7000000.000000000000000000000000000000011
                7000000.000000000000000000000000000000011
                7000000.000000000000000000000000000000011
                     -0.061925605706214782719687406142839
                      0.094501318861107616586814117454196
                      0.151343461636052778462868673159392
                      0.268877822854646453265559102874249
                      0.000000000000000000000000000000000
                      0.000000000000000000000000000000000
                      0.002801616844908158023008670767240
                     -0.006693762902107876916479867190901
                      0.034532435887809985464169670876800
                     -0.072425005643559844936696379136265
                      0.000000000000000000000000000000000
                      0.000000000000000000000000000000000
                7000000.000000000000000000000000000000011
                7000000.000000000000000000000000000000011
                7000000.000000000000000000000000000000011
                      0.019412710770927512488048805039398
                      0.185495686377988938664529428024252
                      0.100491603893589839802125140977296
                      0.234426469928395081465666294207040
                      0.000000000000000000000000000000000
                      0.000000000000000000000000000000000
                      0.084896713531138964792255308111635
                      0.188469877248363087973714868894604
                      0.094460008607668871638551877367718
                      0.210376175848272534141258915951767
                      0.000000000000000000000000000000000
                      0.000000000000000000000000000000000
                7000000.000000000000000000000000000000011
                7000000.000000000000000000000000000000011
                7000000.000000000000000000000000000000011
             -122477184.058610126376152038574218750000006
              -70399075.067225083708763122558593749999926
             -127525765.254261896014213562011718750000006
              -76847063.059257805347442626953124999999919
                      0.000000000000000000000000000000000
                      0.000000000000000000000000000000000
                     -0.020208949533424246103319177336743
                     -0.024099409285634455779590012980407
                      0.059372474208401235240550875005283
                     -0.175678377855566725251890147774247
                      0.000000000000000000000000000000000
                      0.000000000000000000000000000000000
                7000000.000000000000000000000000000000011
                7000000.000000000000000000000000000000011
                7000000.000000000000000000000000000000011
                     -0.001107450181344832654262155813285
                     -0.236568764263193648256233814208827
                      0.032988826188044530207665872012512
                      0.398322111374844300968334209755994
                      0.000000000000000000000000000000000
                      0.000000000000000000000000000000000
                     -0.059181478706394327615747386062139
                      0.226122803351930523607649092809879
                      0.063075454539553793553707805585873
                      0.192751199538111206432944300104282
                      0.000000000000000000000000000000000
                      0.000000000000000000000000000000000
                7000000.000000000000000000000000000000011
                7000000.000000000000000000000000000000011
                7000000.000000000000000000000000000000011
                     -0.110531677572734882142313495023700
                      0.192059793231153436154912128586147
                     -0.024807449847553866145721812586089
                      0.040935588145106865942679519321246
                      0.000000000000000000000000000000000
                      0.000000000000000000000000000000000
                     -0.000118683040834870358456662464697
                      0.001510155218292784243608317673591
                     -0.135443973065150602419492997796624
                      0.464297102581986753655485244962620
                      0.000000000000000000000000000000000
                      0.000000000000000000000000000000000
                7000000.000000000000000000000000000000011
                7000000.000000000000000000000000000000011
                7000000.000000000000000000000000000000011
                      0.064361540846646636548911146746832
                      0.023287774235913348552795554269323
                      0.124667872672889770702120415535319
                     -0.050129649670249395998489205794613
                      0.000000000000000000000000000000000
                      0.000000000000000000000000000000000
                      0.008471906638448758672388372303885
                      0.061918903291921928433438893080165
                     -0.041782465745165808801431239771773
                      0.517984546748469276700177488237387
                      0.000000000000000000000000000000000
                      0.000000000000000000000000000000000
                7000000.000000000000000000000000000000011
                7000000.000000000000000000000000000000011
                7000000.000000000000000000000000000000011
                     -0.092228948454813872159796517280483
                     -0.027467921866997490470962972608504
                      0.006740421456390826085436351888802
                      0.384999441206321180164451334348996
                      0.000000000000000000000000000000000
                      0.000000000000000000000000000000000
                     -0.118446708965576477656789222692169
                      0.208124522322782418148889860276540
                     -0.088146127288223005691314426712779
                      0.313607285268867330696451745097875
                      0.000000000000000000000000000000000
                      0.000000000000000000000000000000000
                7000000.000000000000000000000000000000011
                7000000.000000000000000000000000000000011
                7000000.000000000000000000000000000000011
                     -0.035330692568463543945522786771107
                     -0.290175252166802566389236517352401
                      0.014313174031508224537390105979284
                      0.133432698399340521344669241443626
                      0.000000000000000000000000000000000
                      0.000000000000000000000000000000000
                      0.238861018601255664650651056035713
                      0.107887333022526704651156137515500
                     -0.094741594398882508776260635841027
                      0.204713711240326556861646167817526
                      0.000000000000000000000000000000000
                      0.000000000000000000000000000000000
                7000000.000000000000000000000000000000011
                7000000.000000000000000000000000000000011
                7000000.000000000000000000000000000000011
                     -0.061432784740614448937279234996822
                     -0.102829827861122893861711702356843
                     -0.200327803979282181856547140341718
                      0.169427816681175236190881605580216
                      0.000000000000000000000000000000000
                      0.000000000000000000000000000000000
                      0.006434801012874796256879594835709
                      0.198346316811059353302226782034268
                      0.132416232681836165685496098376461
                      0.223550420367477326033522899706441
                      0.000000000000000000000000000000000
                      0.000000000000000000000000000000000
                7000000.000000000000000000000000000000011
                7000000.000000000000000000000000000000011
                7000000.000000000000000000000000000000011
                      0.074564534899845075210933487142029
                     -0.003117097494764933546945728792821
                      0.184880509592294517418054056179244
                      0.329775289173352081917300893110223
                      0.000000000000000000000000000000000
                      0.000000000000000000000000000000000
                  -4529.830024584912280261050909757614136
          ***********************************************
                   -919.564648765069250657688826322555542
          ***********************************************
                      0.000000000000000000000000000000000
                      0.000000000000000000000000000000000
                7000000.000000000000000000000000000000011
                7000000.000000000000000000000000000000011
                7000000.000000000000000000000000000000011
                     -0.158899370978251797126290512096602
                     -0.003379738992840672709427884967681
                      0.007149743468853896749548582079115
                      0.125371540302983586201435173279606
                      0.000000000000000000000000000000000
                      0.000000000000000000000000000000000
                      0.017483759420348604640693679357355
                      0.278233273626498522901329124579206
                      0.152913495093097900889844709126919
                     -0.049973825649531351811294399567487
                      0.000000000000000000000000000000000
                      0.000000000000000000000000000000000
                7000000.000000000000000000000000000000011
                7000000.000000000000000000000000000000011
                7000000.000000000000000000000000000000011
                      0.117802152544710603265798454231117
                      0.196638407089454708698283980083943
                     -0.085227117452060074942465917047230
                      0.362954888748970860845588504162151
                      0.000000000000000000000000000000000
                      0.000000000000000000000000000000000
                     -0.050168409571337169161608926515328
                     -0.296160434809023931368443527389900
                      0.028649889266505121354633445207583
                      0.249771177179832021275629472256696
                      0.000000000000000000000000000000000
                      0.000000000000000000000000000000000
                7000000.000000000000000000000000000000011
                7000000.000000000000000000000000000000011
                7000000.000000000000000000000000000000011
                     -0.006808030149442305389850815799946
                      0.156915957726128457716541220179352
                      0.049598332252401726438773010841032
                     -0.164150817506038465554141225766216
                      0.000000000000000000000000000000000
                      0.000000000000000000000000000000000
                     -0.017738501670634433671214225114454
                      0.088304737004131064748158053134830
                      0.159316134881549054114202590426430
                      0.155263311433708084408067406911869
                      0.000000000000000000000000000000000
                      0.000000000000000000000000000000000
                7000000.000000000000000000000000000000011
                7000000.000000000000000000000000000000011
                7000000.000000000000000000000000000000011
                      0.096682360353313248624296250000043
                     -0.063584233989476060533441170719016
                      0.198750041576136710075317637347325
                      0.353206874549561178344703193943133
                      0.000000000000000000000000000000000
                      0.000000000000000000000000000000000
                      0.081070594959391617528865481290268
                      0.234797527957274404508680731851200
                      0.197584389404269117340717798469996
                      0.055873968655426813068043401244722
                      0.000000000000000000000000000000000
                      0.000000000000000000000000000000000
                7000000.000000000000000000000000000000011
                7000000.000000000000000000000000000000011
                7000000.000000000000000000000000000000011
                      0.051479882315320156516147420688867
                     -0.013569121670053353040374943816460
                      0.069905516319656496593282213325438
                     -0.195914977869242945551775392232230
                      0.000000000000000000000000000000000
                      0.000000000000000000000000000000000
                   5865.024647266366628173273056745529175
                   1458.381924673344428811105899512767792
                  28097.674694044369971379637718200683594
                   7076.975505722436537325847893953323364
                      0.000000000000000000000000000000000
                      0.000000000000000000000000000000000
                7000000.000000000000000000000000000000011
                7000000.000000000000000000000000000000011
                7000000.000000000000000000000000000000011
                     -0.094453969029278175839614561937196
                      0.057863279574295808926898132540373
                      0.028069408684727476660514255968337
                      0.393042107682563757187210740084993
                      0.000000000000000000000000000000000
                      0.000000000000000000000000000000000
                     -0.001124181873127795029676523341777
                     -0.218150609091392333471759457097505
                     -0.034985467762830381455163575310507
                      0.102557552251300546086731912964751
                      0.000000000000000000000000000000000
                      0.000000000000000000000000000000000
                7000000.000000000000000000000000000000011
                7000000.000000000000000000000000000000011
                7000000.000000000000000000000000000000011
                      0.182964146840770419677468794361630
                      0.120349135365199824687643115339597
                      0.051303936703005099950747336379209
                      0.105158920685707882314297023640393
                      0.000000000000000000000000000000000
                      0.000000000000000000000000000000000
                     -0.071560703251900392718454213536461
                     -0.026533899554428388295468366209207
                      0.001910267654733351083695680472374
                      0.340317526699101258191859642465715
                      0.000000000000000000000000000000000
                      0.000000000000000000000000000000000
                7000000.000000000000000000000000000000011
                7000000.000000000000000000000000000000011
                7000000.000000000000000000000000000000011
                      0.001278982138937454328744824927355
                     -0.074749214562665491912163417964621
                     -0.045378733535366082285644750982101
                     -0.052214529129512902982934718920660
                      0.000000000000000000000000000000000
                      0.000000000000000000000000000000000
                      0.084351370416458876233534169841732
                      0.168027951796407087892148979335616
                     -0.012005868586968193936770354923738
                     -0.093261188736406736010664531022485
                      0.000000000000000000000000000000000
                      0.000000000000000000000000000000000
                7000000.000000000000000000000000000000011
                7000000.000000000000000000000000000000011
                7000000.000000000000000000000000000000011
                      0.085593387043654087231736582452868
                     -0.101593497794555787105963418071042
                      0.068187789176992794071274772704783
                      0.393977030414617068743154959520325
                      0.000000000000000000000000000000000
                      0.000000000000000000000000000000000
                      0.118125631105112413599123044605221
                      0.047004728957734658034706143325820
                      0.050828159396876321229896689146699
                      0.481702883834387918238206793830614
                      0.000000000000000000000000000000000
                      0.000000000000000000000000000000000
                7000000.000000000000000000000000000000011
                7000000.000000000000000000000000000000011
                7000000.000000000000000000000000000000011
                      0.016212020594708807103012659922570
                     -0.078005663163859581543668753056409
                      0.026507543144902438736476568692524
                     -0.099672306269931690292374071304948
                      0.000000000000000000000000000000000
                      0.000000000000000000000000000000000
                     -0.038877279514446458352772140187881
                      0.365440171194404639365416187501978
                     -0.039870506779923015061584123941429
                      0.254636352585750458388247352559119
                      0.000000000000000000000000000000000
                      0.000000000000000000000000000000000
                7000000.000000000000000000000000000000011
                7000000.000000000000000000000000000000011
                7000000.000000000000000000000000000000011
                     -0.119183059436724886337444218042947
                      0.139385303500990931357961244430044
                      0.019317506890923326345888000332707
                      0.015469313005773518976404545810510
                      0.000000000000000000000000000000000
                      0.000000000000000000000000000000000
                     -0.059928699807227842066836842604971
                      0.024766559051711892203151421654184
                      0.134866330386179428257875656527176
                     -0.091241908597804552427668056679977
                      0.000000000000000000000000000000000
                      0.000000000000000000000000000000000
                7000000.000000000000000000000000000000011
                7000000.000000000000000000000000000000011
                7000000.000000000000000000000000000000011
                   -890.111422755141461493622045964002609
          ***********************************************
                   5299.903674091309767391066998243331909
          ***********************************************
                      0.000000000000000000000000000000000
                      0.000000000000000000000000000000000
                     -0.046811993470189591781682736382209
                      0.348973199552385537902665646470268
                     -0.046358275620949629391986945847748
                     -0.007139921638591390298800298808146
                      0.000000000000000000000000000000000
                      0.000000000000000000000000000000000
                7000000.000000000000000000000000000000011
                7000000.000000000000000000000000000000011
                7000000.000000000000000000000000000000011
                     -0.111078647889012047111911840602261
                     -0.192799707218094806826513831765624
                     -0.005320273305871493427221530225779
                      0.410909099855686521518549625398009
                      0.000000000000000000000000000000000
                      0.000000000000000000000000000000000
          ***********************************************
          ***********************************************
          ***********************************************
          ***********************************************
                      0.000000000000000000000000000000000
                      0.000000000000000000000000000000000
                7000000.000000000000000000000000000000011
                7000000.000000000000000000000000000000011
                7000000.000000000000000000000000000000011
                      0.006563090758218564045589626942956
                      0.012171154543446678283902251394011
                      0.117753810013333806705482231791393
                      0.358877923508791885076618655148195
                      0.000000000000000000000000000000000
                      0.000000000000000000000000000000000
              -19046491.370367441326379776000976562499980
          ***********************************************
               97093479.853484213352203369140624999999898
          ***********************************************
                      0.000000000000000000000000000000000
                      0.000000000000000000000000000000000
                7000000.000000000000000000000000000000011
                7000000.000000000000000000000000000000011
                7000000.000000000000000000000000000000011
          ***********************************************
          8772433244631.340820312500000000000000013628811
          ***********************************************
           969945045284.083251953125000000000000000210685
                      0.000000000000000000000000000000000
                      0.000000000000000000000000000000000
                     -0.083609512558958404282449805577926
                     -0.025018185200194682088481457071794
                      0.000773477063930943717351418342787
                      0.313329105163075438689190832519671
                      0.000000000000000000000000000000000
                      0.000000000000000000000000000000000
                7000000.000000000000000000000000000000011
                7000000.000000000000000000000000000000011
                7000000.000000000000000000000000000000011
                      0.009843801025445596264429326538448
                      0.120189537220530648364835712982313
                      0.093013636907478325355214110459201
                      0.053940446389900115198301477903442
                      0.000000000000000000000000000000000
                      0.000000000000000000000000000000000
                     -0.066716209806398724113662979107175
                      0.097939516805796933418548633198952
                      0.014253679316840857371762041339025
                     -0.023439381767073358409092520560080
                      0.000000000000000000000000000000000
                      0.000000000000000000000000000000000
                7000000.000000000000000000000000000000011
                7000000.000000000000000000000000000000011
                7000000.000000000000000000000000000000011
                     -0.028636700679353019327599838561582
                     -0.196236524146239266208624485443579
                     -0.018484190862434562302452079052273
                     -0.053428288151029290631299772940110
                      0.000000000000000000000000000000000
                      0.000000000000000000000000000000000
                      0.102691323254738106629524452273472
                      0.243183674468017585468260222114623
                      0.064690400238945261479628356937610
                      0.031887465278633016219078655240082
                      0.000000000000000000000000000000000
                      0.000000000000000000000000000000000
                7000000.000000000000000000000000000000011
                7000000.000000000000000000000000000000011
                7000000.000000000000000000000000000000011
                     -0.047184265219725914086712492689912
                      0.169183587770135646088931480335305
                     -0.042189821501560219318971434177001
                      0.265481031498790154277145347805344
                      0.000000000000000000000000000000000
                      0.000000000000000000000000000000000
                      0.002387687555549187698455959605326
                     -0.010936729022629401025801243463320
                      0.122375781226783927890799930082721
                      0.053608795029270982224200992050100
                      0.000000000000000000000000000000000
                      0.000000000000000000000000000000000
                7000000.000000000000000000000000000000011
                7000000.000000000000000000000000000000011
                7000000.000000000000000000000000000000011
                     -0.065543526689730499668051777462097
                      0.033510770040511242418013182486902
                      0.056676712232431911142604974429560
                      0.291775471463533442317839217139408
                      0.000000000000000000000000000000000
                      0.000000000000000000000000000000000
                     -0.000633452758725831462961741724627
                     -0.005460393666630481736279367765974
                      0.101126883837699452217684381594154
                     -0.008915611403446595945032626673310
                      0.000000000000000000000000000000000
                      0.000000000000000000000000000000000
                7000000.000000000000000000000000000000011
                7000000.000000000000000000000000000000011
                7000000.000000000000000000000000000000011
                     -0.036306352663696077331945133437330
                     -0.172564702837950167957359326464939
                      0.012335213056952768276297582872303
                     -0.002646152564746196127892785554536
                      0.000000000000000000000000000000000
                      0.000000000000000000000000000000000
                      0.022183866598136696424159453044922
                      0.022953852512103720823199992651098
                     -0.217616255678783565574718750212924
                      0.318942947742164972790845922645531
                      0.000000000000000000000000000000000
                      0.000000000000000000000000000000000
                7000000.000000000000000000000000000000011
                7000000.000000000000000000000000000000011
                7000000.000000000000000000000000000000011
                      0.057835454223552199004565466111671
                      0.213601473603899555397944709511648
                      0.124940605973737003941970158393815
                     -0.017085181628516937779593831692182
                      0.000000000000000000000000000000000
                      0.000000000000000000000000000000000
                     -0.001069811766302080757035097846597
                      0.002528903498638042195156838687353
                     -0.111871906779376556473337700481352
                      0.019702799018353440302364631975252
                      0.000000000000000000000000000000000
                      0.000000000000000000000000000000000
                7000000.000000000000000000000000000000011
                7000000.000000000000000000000000000000011
                7000000.000000000000000000000000000000011
                     -0.081888103632752784477588647860102
                      0.130001343482678138885333396501665
                     -0.098662695764774280271502959749341
                      0.019314794886208765806179243895713
                      0.000000000000000000000000000000000
                      0.000000000000000000000000000000000
                     -0.045701411049290652233167975282413
                     -0.219179661504632278257176380975579
                     -0.089773816400251171820912077237153
                      0.070593041734678022014470855083346
                      0.000000000000000000000000000000000
                      0.000000000000000000000000000000000
                7000000.000000000000000000000000000000011
                7000000.000000000000000000000000000000011
                7000000.000000000000000000000000000000011
             -122477184.058610126376152038574218750000006
              -70399075.067225083708763122558593749999926
             -127525765.254261896014213562011718750000006
              -76847063.059257805347442626953124999999919
                      0.000000000000000000000000000000000
                      0.000000000000000000000000000000000
                      0.036889062875874324698433071034742
                     -0.033240243208286085474512105975009
                      0.038223532612519907358805681951708
                      0.450048742969763548860129276363296
                      0.000000000000000000000000000000000
                      0.000000000000000000000000000000000
                7000000.000000000000000000000000000000011
                7000000.000000000000000000000000000000011
                7000000.000000000000000000000000000000011
                     -0.135097166938265067503976979423896
                      0.216362866397503655901957131391100
                     -0.072893182924280139345363238589925
                     -0.057000367092971071514284631120972
                      0.000000000000000000000000000000000
                      0.000000000000000000000000000000000
                      0.088387794155009052898819277288567
                     -0.210772415449068717396841066147317
                      0.002949103524143173969684905699751
                      0.241660547365992461887884701354778
                      0.000000000000000000000000000000000
                      0.000000000000000000000000000000000
                7000000.000000000000000000000000000000011
                7000000.000000000000000000000000000000011
                7000000.000000000000000000000000000000011
                      0.167211640397494920584620103909401
                     -0.004025010129242481173028611607378
                      0.001862094705184996670105368465897
                      0.107987581382034153465454551223957
                      0.000000000000000000000000000000000
                      0.000000000000000000000000000000000
                      0.004233763197508289000126069367980
                     -0.009729431151830492813248341121835
                     -0.057912407562411942485436355809725
                     -0.261943958283975875112048470327863
                      0.000000000000000000000000000000000
                      0.000000000000000000000000000000000
                7000000.000000000000000000000000000000011
                7000000.000000000000000000000000000000011
                7000000.000000000000000000000000000000011
                      0.088411296879410961047085493191844
                     -0.027922602085411935696201979340003
                     -0.100024037773920659866178084485000
                     -0.133663911977983107526313233393012
                      0.000000000000000000000000000000000
                      0.000000000000000000000000000000000
                      0.018248950127417739447421851650688
                     -0.009308145729460363948515322363164
                     -0.184993597100682360956369620907935
                      0.346924140801125879818300745682791
                      0.000000000000000000000000000000000
                      0.000000000000000000000000000000000
                7000000.000000000000000000000000000000011
                7000000.000000000000000000000000000000011
                7000000.000000000000000000000000000000011
                     -0.038125393602424069439127407576962
                      0.178265370197711353617009422123374
                     -0.135838736458445352717205878434470
                      0.180644215005502456472541439325141
                      0.000000000000000000000000000000000
                      0.000000000000000000000000000000000
                     -0.170479763667100853163915985533094
                     -0.036803195950235380318193989523934
                      0.019025502247165849978305374179399
                      0.436116239923139359380144242095412
                      0.000000000000000000000000000000000
                      0.000000000000000000000000000000000
                7000000.000000000000000000000000000000011
                7000000.000000000000000000000000000000011
                7000000.000000000000000000000000000000011
                     -0.122743601044323760729248817824555
                     -0.133422983247454579602830904150323
                     -0.041575205745764697018440614328938
                      0.077218183255763031547225239137333
                      0.000000000000000000000000000000000
                      0.000000000000000000000000000000000
                 277156.479064550483599305152893066406250
          ***********************************************
               -3157675.423156616277992725372314453125005
          ***********************************************
                      0.000000000000000000000000000000000
                      0.000000000000000000000000000000000
                7000000.000000000000000000000000000000011
                7000000.000000000000000000000000000000011
                7000000.000000000000000000000000000000011
                  -2708.964439101715925062308087944984436
          ***********************************************
                   -760.074190270289363979827612638473511
          ***********************************************
                      0.000000000000000000000000000000000
                      0.000000000000000000000000000000000
                     -0.133963354769672360333743199589662
                     -0.023911433162367996818620241583631
                      0.172548989151778631168099309434183
                      0.198669085463994948836941034642223
                      0.000000000000000000000000000000000
                      0.000000000000000000000000000000000
                7000000.000000000000000000000000000000011
                7000000.000000000000000000000000000000011
                7000000.000000000000000000000000000000011
                     -0.015603328191136665165084096429382
                      0.173834717698910623528973928841879
                      0.161031926501397665285608695739938
                      0.435798219774556405692322869072086
                      0.000000000000000000000000000000000
                      0.000000000000000000000000000000000
                  -4529.830024584912280261050909757614136
          ***********************************************
                   -919.564648765069250657688826322555542
          ***********************************************
                      0.000000000000000000000000000000000
                      0.000000000000000000000000000000000
                7000000.000000000000000000000000000000011
                7000000.000000000000000000000000000000011
                7000000.000000000000000000000000000000011
                      0.012476737358655481946456689001934
                     -0.267917073582883802362886171977152
                      0.054545567679196924060214257679036
                      0.180151187858826333787476414727280
                      0.000000000000000000000000000000000
                      0.000000000000000000000000000000000
          ***********************************************
          ***********************************************
          ***********************************************
          ***********************************************
                      0.000000000000000000000000000000000
                      0.000000000000000000000000000000000
                7000000.000000000000000000000000000000011
                7000000.000000000000000000000000000000011
                7000000.000000000000000000000000000000011
                      0.142496236864689873602429770471645
                     -0.141868858797981695074597041639208
                      0.141212027513255844457518151102704
                      0.314587863472833018096963542120648
                      0.000000000000000000000000000000000
                      0.000000000000000000000000000000000
                     -0.089661140695234675668245927226963
                     -0.215288846401575667544037173684046
                      0.002074676852937151587397135443780
                      0.315748735384723422381370028233505
                      0.000000000000000000000000000000000
                      0.000000000000000000000000000000000
                7000000.000000000000000000000000000000011
                7000000.000000000000000000000000000000011
                7000000.000000000000000000000000000000011
                      0.073007515081163043557666014748975
                     -0.118561339406844448718381102025887
                      0.068440622820974308937458374657581
                     -0.187652174984480613062487464048900
                      0.000000000000000000000000000000000
                      0.000000000000000000000000000000000
                     -0.028301338932521975105816025575223
                     -0.092513087302215815665995535255206
                      0.160304492242986235117641058423033
                      0.120230007900239299623024180618813
                      0.000000000000000000000000000000000
                      0.000000000000000000000000000000000
                7000000.000000000000000000000000000000011
                7000000.000000000000000000000000000000011
                7000000.000000000000000000000000000000011
                     -0.088157662111450180164595735732291
                      0.126490312179921043922448120611080
                     -0.109496560522130803594365033859503
                      0.498945858284243259905821332722553
                      0.000000000000000000000000000000000
                      0.000000000000000000000000000000000
          ***********************************************
          ***********************************************
          ***********************************************
          ***********************************************
                      0.000000000000000000000000000000000
                      0.000000000000000000000000000000000
                7000000.000000000000000000000000000000011
                7000000.000000000000000000000000000000011
                7000000.000000000000000000000000000000011
                     -0.037237267271970332649377866118812
                     -0.013294637452956652862168240858409
                      0.192500642874670724324914772296324
                      0.331920537888099720369439182832139
                      0.000000000000000000000000000000000
                      0.000000000000000000000000000000000
                   5865.024647266366628173273056745529175
                   1458.381924673344428811105899512767792
                  28097.674694044369971379637718200683594
                   7076.975505722436537325847893953323364
                      0.000000000000000000000000000000000
                      0.000000000000000000000000000000000
                7000000.000000000000000000000000000000011
                7000000.000000000000000000000000000000011
                7000000.000000000000000000000000000000011
                      0.038002779702257370730844598938347
                      0.249500487153551497865322517100140
                     -0.014758685325718442354903103819197
                     -0.121525089567246960542412637096277
                      0.000000000000000000000000000000000
                      0.000000000000000000000000000000000
                     -0.098236728005892573478696760957973
                     -0.078675537000435419310306883744488
                      0.028438099759580240388778804572212
                      0.250682437158626980622244673213572
                      0.000000000000000000000000000000000
                      0.000000000000000000000000000000000
                7000000.000000000000000000000000000000011
                7000000.000000000000000000000000000000011
                7000000.000000000000000000000000000000011
                 126651.302702501881867647171020507812500
                 411561.845093007665127515792846679687500
                 183234.653974294604267925024032592773438
                1009345.057431392022408545017242431640627
                      0.000000000000000000000000000000000
                      0.000000000000000000000000000000000
                      0.048551415672704545389848362901830
                      0.082986334945725104272895578105818
                     -0.104900178685753991958407027595968
                      0.119445909578520886862307293085905
                      0.000000000000000000000000000000000
                      0.000000000000000000000000000000000
                7000000.000000000000000000000000000000011
                7000000.000000000000000000000000000000011
                7000000.000000000000000000000000000000011
                      0.037748605776304060277492880004502
                      0.008662978710343006635841156537481
                      0.082959250524032981943811648761766
                     -0.017249389357267653349881086910500
                      0.000000000000000000000000000000000
                      0.000000000000000000000000000000000
                      0.133227856996231186492707365687238
                      0.043694334104795964912604233632010
                      0.071997281195720325142062279155653
                      0.320883996650684788498608668305678
                      0.000000000000000000000000000000000
                      0.000000000000000000000000000000000
                7000000.000000000000000000000000000000011
                7000000.000000000000000000000000000000011
                7000000.000000000000000000000000000000011
                     -0.036341392744559740390908331164610
                     -0.230290684271867857058069262166100
                     -0.174463375826331479334641016976093
                      0.253341607094042187142690636392217
                      0.000000000000000000000000000000000
                      0.000000000000000000000000000000000
                     -0.039911291483583452577299510721787
                      0.148415210931111513081859243357030
                     -0.087779075695075134411204942352924
                     -0.237499329015338378479071934634703
                      0.000000000000000000000000000000000
                      0.000000000000000000000000000000000
                7000000.000000000000000000000000000000011
                7000000.000000000000000000000000000000011
                7000000.000000000000000000000000000000011
                     -0.039698435049763829141067361661044
                     -0.005089858499219084529696655039288
                      0.098833835838426239983611765183014
                      0.300478450925232454249425018133479
                      0.000000000000000000000000000000000
                      0.000000000000000000000000000000000
                      0.153886882230406141225387273152592
                      0.202313929566214911748289750903496
                     -0.008732692702765915138130026207364
                      0.340617218717181868825605306483340
                      0.000000000000000000000000000000000
                      0.000000000000000000000000000000000
                7000000.000000000000000000000000000000011
                7000000.000000000000000000000000000000011
                7000000.000000000000000000000000000000011
                      0.029986183551190641327632846468987
                      0.248380274713137394471118568617385
                      0.086183622820275543330303946731874
                      0.169677605214962001767275978636462
                      0.000000000000000000000000000000000
                      0.000000000000000000000000000000000
                     -0.027878743263823793641087434025394
                     -0.098176783846413012701859202024934
                     -0.220445038599531156764399497660634
                      0.212170674351337379404114358294464
                      0.000000000000000000000000000000000
                      0.000000000000000000000000000000000
                7000000.000000000000000000000000000000011
                7000000.000000000000000000000000000000011
                7000000.000000000000000000000000000000011
                   -890.111422755141461493622045964002609
          ***********************************************
                   5299.903674091309767391066998243331909
          ***********************************************
                      0.000000000000000000000000000000000
                      0.000000000000000000000000000000000
                     -0.046811993470189591781682736382209
                      0.348973199552385537902665646470268
                     -0.046358275620949629391986945847748
                     -0.007139921638591390298800298808146
                      0.000000000000000000000000000000000
                      0.000000000000000000000000000000000
                7000000.000000000000000000000000000000011
                7000000.000000000000000000000000000000011
                7000000.000000000000000000000000000000011
                     -0.111078647889012047111911840602261
                     -0.192799707218094806826513831765624
                     -0.005320273305871493427221530225779
                      0.410909099855686521518549625398009
                      0.000000000000000000000000000000000
                      0.000000000000000000000000000000000
          ***********************************************
          ***********************************************
          ***********************************************
          ***********************************************
                      0.000000000000000000000000000000000
                      0.000000000000000000000000000000000
                7000000.000000000000000000000000000000011
                7000000.000000000000000000000000000000011
                7000000.000000000000000000000000000000011
                      0.006563090758218564045589626942956
                      0.012171154543446678283902251394011
                      0.117753810013333806705482231791393
                      0.358877923508791885076618655148195
                      0.000000000000000000000000000000000
                      0.000000000000000000000000000000000
              -19046491.370367441326379776000976562499980
          ***********************************************
               97093479.853484213352203369140624999999898
          ***********************************************
                      0.000000000000000000000000000000000
                      0.000000000000000000000000000000000
                7000000.000000000000000000000000000000011
                7000000.000000000000000000000000000000011
                7000000.000000000000000000000000000000011
          ***********************************************
          8772433244631.340820312500000000000000013628811
          ***********************************************
           969945045284.083251953125000000000000000210685
                      0.000000000000000000000000000000000
                      0.000000000000000000000000000000000
                     -0.083609512558958404282449805577926
                     -0.025018185200194682088481457071794
                      0.000773477063930943717351418342787
                      0.313329105163075438689190832519671
                      0.000000000000000000000000000000000
                      0.000000000000000000000000000000000
                7000000.000000000000000000000000000000011
                7000000.000000000000000000000000000000011
                7000000.000000000000000000000000000000011
                      0.009843801025445596264429326538448
                      0.120189537220530648364835712982313
                      0.093013636907478325355214110459201
                      0.053940446389900115198301477903442
                      0.000000000000000000000000000000000
                      0.000000000000000000000000000000000
                     -0.066716209806398724113662979107175
                      0.097939516805796933418548633198952
                      0.014253679316840857371762041339025
                     -0.023439381767073358409092520560080
                      0.000000000000000000000000000000000
                      0.000000000000000000000000000000000
                7000000.000000000000000000000000000000011
                7000000.000000000000000000000000000000011
                7000000.000000000000000000000000000000011
                     -0.028636700679353019327599838561582
                     -0.196236524146239266208624485443579
                     -0.018484190862434562302452079052273
                     -0.053428288151029290631299772940110
                      0.000000000000000000000000000000000
                      0.000000000000000000000000000000000
                      0.102691323254738106629524452273472
                      0.243183674468017585468260222114623
                      0.064690400238945261479628356937610
                      0.031887465278633016219078655240082
                      0.000000000000000000000000000000000
                      0.000000000000000000000000000000000
                7000000.000000000000000000000000000000011
                7000000.000000000000000000000000000000011
                7000000.000000000000000000000000000000011
                     -0.047184265219725914086712492689912
                      0.169183587770135646088931480335305
                     -0.042189821501560219318971434177001
                      0.265481031498790154277145347805344
                      0.000000000000000000000000000000000
                      0.000000000000000000000000000000000
                      0.002387687555549187698455959605326
                     -0.010936729022629401025801243463320
                      0.122375781226783927890799930082721
                      0.053608795029270982224200992050100
                      0.000000000000000000000000000000000
                      0.000000000000000000000000000000000
                7000000.000000000000000000000000000000011
                7000000.000000000000000000000000000000011
                7000000.000000000000000000000000000000011
                     -0.065543526689730499668051777462097
                      0.033510770040511242418013182486902
                      0.056676712232431911142604974429560
                      0.291775471463533442317839217139408
                      0.000000000000000000000000000000000
                      0.000000000000000000000000000000000
                     -0.000633452758725831462961741724627
                     -0.005460393666630481736279367765974
                      0.101126883837699452217684381594154
                     -0.008915611403446595945032626673310
                      0.000000000000000000000000000000000
                      0.000000000000000000000000000000000
                7000000.000000000000000000000000000000011
                7000000.000000000000000000000000000000011
                7000000.000000000000000000000000000000011
                     -0.036306352663696077331945133437330
                     -0.172564702837950167957359326464939
                      0.012335213056952768276297582872303
                     -0.002646152564746196127892785554536
                      0.000000000000000000000000000000000
                      0.000000000000000000000000000000000
                      0.022183866598136696424159453044922
                      0.022953852512103720823199992651098
                     -0.217616255678783565574718750212924
                      0.318942947742164972790845922645531
                      0.000000000000000000000000000000000
                      0.000000000000000000000000000000000
                7000000.000000000000000000000000000000011
                7000000.000000000000000000000000000000011
                7000000.000000000000000000000000000000011
                      0.057835454223552199004565466111671
                      0.213601473603899555397944709511648
                      0.124940605973737003941970158393815
                     -0.017085181628516937779593831692182
                      0.000000000000000000000000000000000
                      0.000000000000000000000000000000000
                     -0.001069811766302080757035097846597
                      0.002528903498638042195156838687353
                     -0.111871906779376556473337700481352
                      0.019702799018353440302364631975252
                      0.000000000000000000000000000000000
                      0.000000000000000000000000000000000
                7000000.000000000000000000000000000000011
                7000000.000000000000000000000000000000011
                7000000.000000000000000000000000000000011
                     -0.081888103632752784477588647860102
                      0.130001343482678138885333396501665
                     -0.098662695764774280271502959749341
                      0.019314794886208765806179243895713
                      0.000000000000000000000000000000000
                      0.000000000000000000000000000000000
                     -0.045701411049290652233167975282413
                     -0.219179661504632278257176380975579
                     -0.089773816400251171820912077237153
                      0.070593041734678022014470855083346
                      0.000000000000000000000000000000000
                      0.000000000000000000000000000000000
                7000000.000000000000000000000000000000011
                7000000.000000000000000000000000000000011
                7000000.000000000000000000000000000000011
             -122477184.058610126376152038574218750000006
              -70399075.067225083708763122558593749999926
             -127525765.254261896014213562011718750000006
              -76847063.059257805347442626953124999999919
                      0.000000000000000000000000000000000
                      0.000000000000000000000000000000000
                      0.036889062875874324698433071034742
                     -0.033240243208286085474512105975009
                      0.038223532612519907358805681951708
                      0.450048742969763548860129276363296
                      0.000000000000000000000000000000000
                      0.000000000000000000000000000000000
                7000000.000000000000000000000000000000011
                7000000.000000000000000000000000000000011
                7000000.000000000000000000000000000000011
                     -0.135097166938265067503976979423896
                      0.216362866397503655901957131391100
                     -0.072893182924280139345363238589925
                     -0.057000367092971071514284631120972
                      0.000000000000000000000000000000000
                      0.000000000000000000000000000000000
                      0.088387794155009052898819277288567
                     -0.210772415449068717396841066147317
                      0.002949103524143173969684905699751
                      0.241660547365992461887884701354778
                      0.000000000000000000000000000000000
                      0.000000000000000000000000000000000
                7000000.000000000000000000000000000000011
                7000000.000000000000000000000000000000011
                7000000.000000000000000000000000000000011
                      0.167211640397494920584620103909401
                     -0.004025010129242481173028611607378
                      0.001862094705184996670105368465897
                      0.107987581382034153465454551223957
                      0.000000000000000000000000000000000
                      0.000000000000000000000000000000000
                      0.004233763197508289000126069367980
                     -0.009729431151830492813248341121835
                     -0.057912407562411942485436355809725
                     -0.261943958283975875112048470327863
                      0.000000000000000000000000000000000
                      0.000000000000000000000000000000000
                7000000.000000000000000000000000000000011
                7000000.000000000000000000000000000000011
                7000000.000000000000000000000000000000011
                      0.088411296879410961047085493191844
                     -0.027922602085411935696201979340003
                     -0.100024037773920659866178084485000
                     -0.133663911977983107526313233393012
                      0.000000000000000000000000000000000
                      0.000000000000000000000000000000000
                      0.018248950127417739447421851650688
                     -0.009308145729460363948515322363164
                     -0.184993597100682360956369620907935
                      0.346924140801125879818300745682791
                      0.000000000000000000000000000000000
                      0.000000000000000000000000000000000
                7000000.000000000000000000000000000000011
                7000000.000000000000000000000000000000011
                7000000.000000000000000000000000000000011
                     -0.038125393602424069439127407576962
                      0.178265370197711353617009422123374
                     -0.135838736458445352717205878434470
                      0.180644215005502456472541439325141
                      0.000000000000000000000000000000000
                      0.000000000000000000000000000000000
                     -0.170479763667100853163915985533094
                     -0.036803195950235380318193989523934
                      0.019025502247165849978305374179399
                      0.436116239923139359380144242095412
                      0.000000000000000000000000000000000
                      0.000000000000000000000000000000000
                7000000.000000000000000000000000000000011
                7000000.000000000000000000000000000000011
                7000000.000000000000000000000000000000011
                     -0.122743601044323760729248817824555
                     -0.133422983247454579602830904150323
                     -0.041575205745764697018440614328938
                      0.077218183255763031547225239137333
                      0.000000000000000000000000000000000
                      0.000000000000000000000000000000000
                 277156.479064550483599305152893066406250
          ***********************************************
               -3157675.423156616277992725372314453125005
          ***********************************************
                      0.000000000000000000000000000000000
                      0.000000000000000000000000000000000
                7000000.000000000000000000000000000000011
                7000000.000000000000000000000000000000011
                7000000.000000000000000000000000000000011
                  -2708.964439101715925062308087944984436
          ***********************************************
                   -760.074190270289363979827612638473511
          ***********************************************
                      0.000000000000000000000000000000000
                      0.000000000000000000000000000000000
                     -0.133963354769672360333743199589662
                     -0.023911433162367996818620241583631
                      0.172548989151778631168099309434183
                      0.198669085463994948836941034642223
                      0.000000000000000000000000000000000
                      0.000000000000000000000000000000000
                7000000.000000000000000000000000000000011
                7000000.000000000000000000000000000000011
                7000000.000000000000000000000000000000011
                     -0.015603328191136665165084096429382
                      0.173834717698910623528973928841879
                      0.161031926501397665285608695739938
                      0.435798219774556405692322869072086
                      0.000000000000000000000000000000000
                      0.000000000000000000000000000000000
                  -4529.830024584912280261050909757614136
          ***********************************************
                   -919.564648765069250657688826322555542
          ***********************************************
                      0.000000000000000000000000000000000
                      0.000000000000000000000000000000000
                7000000.000000000000000000000000000000011
                7000000.000000000000000000000000000000011
                7000000.000000000000000000000000000000011
                      0.012476737358655481946456689001934
                     -0.267917073582883802362886171977152
                      0.054545567679196924060214257679036
                      0.180151187858826333787476414727280
                      0.000000000000000000000000000000000
                      0.000000000000000000000000000000000
          ***********************************************
          ***********************************************
          ***********************************************
          ***********************************************
                      0.000000000000000000000000000000000
                      0.000000000000000000000000000000000
                7000000.000000000000000000000000000000011
                7000000.000000000000000000000000000000011
                7000000.000000000000000000000000000000011
                      0.142496236864689873602429770471645
                     -0.141868858797981695074597041639208
                      0.141212027513255844457518151102704
                      0.314587863472833018096963542120648
                      0.000000000000000000000000000000000
                      0.000000000000000000000000000000000
                     -0.089661140695234675668245927226963
                     -0.215288846401575667544037173684046
                      0.002074676852937151587397135443780
                      0.315748735384723422381370028233505
                      0.000000000000000000000000000000000
                      0.000000000000000000000000000000000
                7000000.000000000000000000000000000000011
                7000000.000000000000000000000000000000011
                7000000.000000000000000000000000000000011
                      0.073007515081163043557666014748975
                     -0.118561339406844448718381102025887
                      0.068440622820974308937458374657581
                     -0.187652174984480613062487464048900
                      0.000000000000000000000000000000000
                      0.000000000000000000000000000000000
                     -0.028301338932521975105816025575223
                     -0.092513087302215815665995535255206
                      0.160304492242986235117641058423033
                      0.120230007900239299623024180618813
                      0.000000000000000000000000000000000
                      0.000000000000000000000000000000000
                7000000.000000000000000000000000000000011
                7000000.000000000000000000000000000000011
                7000000.000000000000000000000000000000011
                     -0.088157662111450180164595735732291
                      0.126490312179921043922448120611080
                     -0.109496560522130803594365033859503
                      0.498945858284243259905821332722553
                      0.000000000000000000000000000000000
                      0.000000000000000000000000000000000
          ***********************************************
          ***********************************************
          ***********************************************
          ***********************************************
                      0.000000000000000000000000000000000
                      0.000000000000000000000000000000000
                7000000.000000000000000000000000000000011
                7000000.000000000000000000000000000000011
                7000000.000000000000000000000000000000011
                     -0.037237267271970332649377866118812
                     -0.013294637452956652862168240858409
                      0.192500642874670724324914772296324
                      0.331920537888099720369439182832139
                      0.000000000000000000000000000000000
                      0.000000000000000000000000000000000
                   5865.024647266366628173273056745529175
                   1458.381924673344428811105899512767792
                  28097.674694044369971379637718200683594
                   7076.975505722436537325847893953323364
                      0.000000000000000000000000000000000
                      0.000000000000000000000000000000000
                7000000.000000000000000000000000000000011
                7000000.000000000000000000000000000000011
                7000000.000000000000000000000000000000011
                      0.038002779702257370730844598938347
                      0.249500487153551497865322517100140
                     -0.014758685325718442354903103819197
                     -0.121525089567246960542412637096277
                      0.000000000000000000000000000000000
                      0.000000000000000000000000000000000
                     -0.098236728005892573478696760957973
                     -0.078675537000435419310306883744488
                      0.028438099759580240388778804572212
                      0.250682437158626980622244673213572
                      0.000000000000000000000000000000000
                      0.000000000000000000000000000000000
                7000000.000000000000000000000000000000011
                7000000.000000000000000000000000000000011
                7000000.000000000000000000000000000000011
                 126651.302702501881867647171020507812500
                 411561.845093007665127515792846679687500
                 183234.653974294604267925024032592773438
                1009345.057431392022408545017242431640627
                      0.000000000000000000000000000000000
                      0.000000000000000000000000000000000
                      0.048551415672704545389848362901830
                      0.082986334945725104272895578105818
                     -0.104900178685753991958407027595968
                      0.119445909578520886862307293085905
                      0.000000000000000000000000000000000
                      0.000000000000000000000000000000000
                7000000.000000000000000000000000000000011
                7000000.000000000000000000000000000000011
                7000000.000000000000000000000000000000011
                      0.037748605776304060277492880004502
                      0.008662978710343006635841156537481
                      0.082959250524032981943811648761766
                     -0.017249389357267653349881086910500
                      0.000000000000000000000000000000000
                      0.000000000000000000000000000000000
                      0.133227856996231186492707365687238
                      0.043694334104795964912604233632010
                      0.071997281195720325142062279155653
                      0.320883996650684788498608668305678
                      0.000000000000000000000000000000000
                      0.000000000000000000000000000000000
                7000000.000000000000000000000000000000011
                7000000.000000000000000000000000000000011
                7000000.000000000000000000000000000000011
                     -0.036341392744559740390908331164610
                     -0.230290684271867857058069262166100
                     -0.174463375826331479334641016976093
                      0.253341607094042187142690636392217
                      0.000000000000000000000000000000000
                      0.000000000000000000000000000000000
                     -0.039911291483583452577299510721787
                      0.148415210931111513081859243357030
                     -0.087779075695075134411204942352924
                     -0.237499329015338378479071934634703
                      0.000000000000000000000000000000000
                      0.000000000000000000000000000000000
                7000000.000000000000000000000000000000011
                7000000.000000000000000000000000000000011
                7000000.000000000000000000000000000000011
                     -0.039698435049763829141067361661044
                     -0.005089858499219084529696655039288
                      0.098833835838426239983611765183014
                      0.300478450925232454249425018133479
                      0.000000000000000000000000000000000
                      0.000000000000000000000000000000000
                      0.153886882230406141225387273152592
                      0.202313929566214911748289750903496
                     -0.008732692702765915138130026207364
                      0.340617218717181868825605306483340
                      0.000000000000000000000000000000000
                      0.000000000000000000000000000000000
                7000000.000000000000000000000000000000011
                7000000.000000000000000000000000000000011
                7000000.000000000000000000000000000000011
                      0.029986183551190641327632846468987
                      0.248380274713137394471118568617385
                      0.086183622820275543330303946731874
                      0.169677605214962001767275978636462
                      0.000000000000000000000000000000000
                      0.000000000000000000000000000000000
                     -0.027878743263823793641087434025394
                     -0.098176783846413012701859202024934
                     -0.220445038599531156764399497660634
                      0.212170674351337379404114358294464
                      0.000000000000000000000000000000000
                      0.000000000000000000000000000000000
                7000000.000000000000000000000000000000011
                7000000.000000000000000000000000000000011
                7000000.000000000000000000000000000000011
