 62.000000  0.043778
 62.015625  0.050489
 62.031250  0.045866
 62.046875  0.132881
 62.062500  0.166185
 62.078125  0.353533
 62.093750  0.116196
 62.109375  0.414111
 62.125000  0.185757
 62.140625  0.503543
 62.156250  0.243334
 62.171875  0.387703
 62.187500  0.381914
 62.203125  0.247734
 62.218750  0.239195
 62.234375  0.371643
 62.250000  0.137478
 62.265625  0.418000
 62.281250  0.120219
 62.296875  0.482157
 62.312500  1.000000
 62.328125  0.891052
 62.343750  0.466728
 62.359375  0.272880
 62.375000  0.294959
 62.390625  0.485446
 62.406250  0.685370
 62.421875  0.311753
 62.437500  0.354442
 62.453125  0.199203
 62.468750  0.254363
 62.484375  0.350511
