            0.168042126416825976509272777548176
            0.000001259153399999999888272321329
           -0.145721923607071202066975956768147
            0.142516275100000006093026172493410
            0.000000000000000000000000000000000
            0.000000000000000000000000000000000
            0.039582191826682357194133743405473
            0.000001259153399999999888272321329
           -0.194682580978855074294031624049239
            0.142516275100000006093026172493410
            0.000000000000000000000000000000000
            0.000000000000000000000000000000000
      7000000.000000000000000000000000000000000
      7000000.000000000000000000000000000000000
      7000000.000000000000000000000000000000000
            0.182337336725934912040614221950818
            0.000001259153399999999888272321329
            0.103722227693911192569764523341291
            0.142516275100000006093026172493410
            0.000000000000000000000000000000000
            0.000000000000000000000000000000000
            0.117030589973571422235387728960632
            0.000001259153399999999888272321329
            0.095137864751790993111946193039330
            0.142516275100000006093026172493410
            0.000000000000000000000000000000000
            0.000000000000000000000000000000000
      7000000.000000000000000000000000000000000
      7000000.000000000000000000000000000000000
      7000000.000000000000000000000000000000000
            0.145280015753942726153269404676394
            0.000001259153399999999888272321329
            0.107885326643910844923723857391451
            0.142516275100000006093026172493410
            0.000000000000000000000000000000000
            0.000000000000000000000000000000000
           -0.209374763413031711456468997312186
            0.000001259153399999999888272321329
           -0.049511126506129439495129673787233
            0.142516275100000006093026172493410
            0.000000000000000000000000000000000
            0.000000000000000000000000000000000
      7000000.000000000000000000000000000000000
      7000000.000000000000000000000000000000000
      7000000.000000000000000000000000000000000
           -0.147103693419186692947775441098202
            0.000001259153399999999888272321329
           -0.047470423572928202582410506238375
            0.142516275100000006093026172493410
            0.000000000000000000000000000000000
            0.000000000000000000000000000000000
           -0.068780430774087755740886507282994
            0.000001259153399999999888272321329
           -0.163408744396552424449353679847263
            0.142516275100000006093026172493410
            0.000000000000000000000000000000000
            0.000000000000000000000000000000000
      7000000.000000000000000000000000000000000
      7000000.000000000000000000000000000000000
      7000000.000000000000000000000000000000000
            0.115884594493349937782689096366084
            0.000001259153399999999888272321329
            0.066177988343767188417210434181470
            0.142516275100000006093026172493410
            0.000000000000000000000000000000000
            0.000000000000000000000000000000000
           -0.192325926331019247950138151281863
            0.000001259153399999999888272321329
           -0.104063923910752337276264256615832
            0.142516275100000006093026172493410
            0.000000000000000000000000000000000
            0.000000000000000000000000000000000
      7000000.000000000000000000000000000000000
      7000000.000000000000000000000000000000000
      7000000.000000000000000000000000000000000
            0.149846145430021088218452973706007
            0.000001259153399999999888272321329
           -0.105351268465786532257943974855152
            0.142516275100000006093026172493410
            0.000000000000000000000000000000000
            0.000000000000000000000000000000000
           -0.014070606037873344476563097771304
            0.000001259153399999999888272321329
            0.119073757558746592954967979949288
            0.142516275100000006093026172493410
            0.000000000000000000000000000000000
            0.000000000000000000000000000000000
      7000000.000000000000000000000000000000000
      7000000.000000000000000000000000000000000
      7000000.000000000000000000000000000000000
           -0.195076043071656907157418459064502
            0.000001259153399999999888272321329
            0.099745781010979528424797990737716
            0.142516275100000006093026172493410
            0.000000000000000000000000000000000
            0.000000000000000000000000000000000
           -0.161469818110672125310856017676997
            0.000001259153399999999888272321329
           -0.077247177300402730670825235392840
            0.142516275100000006093026172493410
            0.000000000000000000000000000000000
            0.000000000000000000000000000000000
      7000000.000000000000000000000000000000000
      7000000.000000000000000000000000000000000
      7000000.000000000000000000000000000000000
            0.036427201854359943233863106115678
            0.000001259153399999999888272321329
           -0.146327110476001387429079159119283
            0.142516275100000006093026172493410
            0.000000000000000000000000000000000
            0.000000000000000000000000000000000
           -0.117347799910734254535960019438789
            0.000001259153399999999888272321329
           -0.104175793226853843909118779720302
            0.142516275100000006093026172493410
            0.000000000000000000000000000000000
            0.000000000000000000000000000000000
      7000000.000000000000000000000000000000000
      7000000.000000000000000000000000000000000
      7000000.000000000000000000000000000000000
           -0.193030303307613643193363373029570
            0.000001259153399999999888272321329
            0.028888944854301861625556213652999
            0.142516275100000006093026172493410
            0.000000000000000000000000000000000
            0.000000000000000000000000000000000
           -0.139210400871508405140630770802090
            0.000001259153399999999888272321329
            0.184755321031548652710441160706978
            0.142516275100000006093026172493410
            0.000000000000000000000000000000000
            0.000000000000000000000000000000000
      7000000.000000000000000000000000000000000
      7000000.000000000000000000000000000000000
      7000000.000000000000000000000000000000000
           -0.060417070879322742893435815858538
            0.000001259153399999999888272321329
            0.205344970990542607935935848217923
            0.142516275100000006093026172493410
            0.000000000000000000000000000000000
            0.000000000000000000000000000000000
           -0.147100402127812307506715683302900
            0.000001259153399999999888272321329
           -0.082581765673769819136040837292967
            0.142516275100000006093026172493410
            0.000000000000000000000000000000000
            0.000000000000000000000000000000000
      7000000.000000000000000000000000000000000
      7000000.000000000000000000000000000000000
      7000000.000000000000000000000000000000000
           -0.188085314891022398198217047138314
            0.000001259153399999999888272321329
           -0.042893999852244395210032479326401
            0.142516275100000006093026172493410
            0.000000000000000000000000000000000
            0.000000000000000000000000000000000
            0.141857205528757773782544404639339
            0.000001259153399999999888272321329
           -0.041611977570917925428606309878887
            0.142516275100000006093026172493410
            0.000000000000000000000000000000000
            0.000000000000000000000000000000000
      7000000.000000000000000000000000000000000
      7000000.000000000000000000000000000000000
      7000000.000000000000000000000000000000000
           -0.139277077604791355014413056778722
            0.000001259153399999999888272321329
           -0.137473770731006639245208589272806
            0.142516275100000006093026172493410
            0.000000000000000000000000000000000
            0.000000000000000000000000000000000
            0.027574335865704763248729136648763
            0.000001259153399999999888272321329
           -0.158295766505479801322664457075007
            0.142516275100000006093026172493410
            0.000000000000000000000000000000000
            0.000000000000000000000000000000000
      7000000.000000000000000000000000000000000
      7000000.000000000000000000000000000000000
      7000000.000000000000000000000000000000000
           -0.008900933071227976403627657475681
            0.000001259153399999999888272321329
            0.177582505123608597186191104810860
            0.142516275100000006093026172493410
            0.000000000000000000000000000000000
            0.000000000000000000000000000000000
           -0.164515618342227082360196277477371
            0.000001259153399999999888272321329
           -0.148522414195444790729894180003612
            0.142516275100000006093026172493410
            0.000000000000000000000000000000000
            0.000000000000000000000000000000000
      7000000.000000000000000000000000000000000
      7000000.000000000000000000000000000000000
      7000000.000000000000000000000000000000000
           -0.043079583994856333883927135275371
            0.000001259153399999999888272321329
            0.213956255854352545009433583800273
            0.142516275100000006093026172493410
            0.000000000000000000000000000000000
            0.000000000000000000000000000000000
           -0.047097688061665275716105583114768
            0.000001259153399999999888272321329
           -0.126664634361827538322486930155719
            0.142516275100000006093026172493410
            0.000000000000000000000000000000000
            0.000000000000000000000000000000000
      7000000.000000000000000000000000000000000
      7000000.000000000000000000000000000000000
      7000000.000000000000000000000000000000000
           -0.149414530818565594039171173790237
            0.000001259153399999999888272321329
            0.173885761114471681931803459519870
            0.142516275100000006093026172493410
            0.000000000000000000000000000000000
            0.000000000000000000000000000000000
           -0.202744829305906815175575275134179
            0.000001259153399999999888272321329
            0.106798251584342016040629630424519
            0.142516275100000006093026172493410
            0.000000000000000000000000000000000
            0.000000000000000000000000000000000
      7000000.000000000000000000000000000000000
      7000000.000000000000000000000000000000000
      7000000.000000000000000000000000000000000
            0.084285718833789546877710563421715
            0.000001259153399999999888272321329
            0.111100615017741918832960834606638
            0.142516275100000006093026172493410
            0.000000000000000000000000000000000
            0.000000000000000000000000000000000
            0.053960819759510433857307987182139
            0.000001259153399999999888272321329
           -0.170798798226375392328435509625706
            0.142516275100000006093026172493410
            0.000000000000000000000000000000000
            0.000000000000000000000000000000000
      7000000.000000000000000000000000000000000
      7000000.000000000000000000000000000000000
      7000000.000000000000000000000000000000000
            0.115136711878571593170583753362735
            0.000001259153399999999888272321329
           -0.195640568750329452152314502200170
            0.142516275100000006093026172493410
            0.000000000000000000000000000000000
            0.000000000000000000000000000000000
           -0.012509902482853562516451617625535
            0.000001259153399999999888272321329
            0.199793529708559347568552766460925
            0.142516275100000006093026172493410
            0.000000000000000000000000000000000
            0.000000000000000000000000000000000
      7000000.000000000000000000000000000000000
      7000000.000000000000000000000000000000000
      7000000.000000000000000000000000000000000
            0.173365722130393445921114903285343
            0.000001259153399999999888272321329
           -0.003370648992531997956145772832315
            0.142516275100000006093026172493410
            0.000000000000000000000000000000000
            0.000000000000000000000000000000000
           -0.198292856398555733532518274842005
            0.000001259153399999999888272321329
            0.094776626752732545666546570828359
            0.142516275100000006093026172493410
            0.000000000000000000000000000000000
            0.000000000000000000000000000000000
      7000000.000000000000000000000000000000000
      7000000.000000000000000000000000000000000
      7000000.000000000000000000000000000000000
            0.058456054099789989120239397379919
            0.000001259153399999999888272321329
            0.137704760410431337191994316526689
            0.142516275100000006093026172493410
            0.000000000000000000000000000000000
            0.000000000000000000000000000000000
           -0.170390759710198319565321867230523
            0.000001259153399999999888272321329
           -0.101051677907878195705748680666147
            0.142516275100000006093026172493410
            0.000000000000000000000000000000000
            0.000000000000000000000000000000000
      7000000.000000000000000000000000000000000
      7000000.000000000000000000000000000000000
      7000000.000000000000000000000000000000000
           -0.031103151956670020000794707470959
            0.000001259153399999999888272321329
            0.204748194983717074491025300631009
            0.142516275100000006093026172493410
            0.000000000000000000000000000000000
            0.000000000000000000000000000000000
            0.100564903663181007265059463406942
            0.000001259153399999999888272321329
            0.098589111950253077720773831060797
            0.142516275100000006093026172493410
            0.000000000000000000000000000000000
            0.000000000000000000000000000000000
      7000000.000000000000000000000000000000000
      7000000.000000000000000000000000000000000
      7000000.000000000000000000000000000000000
            0.093754055935536387278439462988899
            0.000001259153399999999888272321329
           -0.121437914491190263044373409684340
            0.142516275100000006093026172493410
            0.000000000000000000000000000000000
            0.000000000000000000000000000000000
           -0.119477665429355242587838858980831
            0.000001259153399999999888272321329
           -0.092992672136771592494852711752173
            0.142516275100000006093026172493410
            0.000000000000000000000000000000000
            0.000000000000000000000000000000000
      7000000.000000000000000000000000000000000
      7000000.000000000000000000000000000000000
      7000000.000000000000000000000000000000000
            0.124814859402380171071733627741196
            0.000001259153399999999888272321329
           -0.027769016072976472619959764642772
            0.142516275100000006093026172493410
            0.000000000000000000000000000000000
            0.000000000000000000000000000000000
            0.005601344401193288947971016256133
            0.000001259153399999999888272321329
            0.200313444374884019882898655851022
            0.142516275100000006093026172493410
            0.000000000000000000000000000000000
            0.000000000000000000000000000000000
      7000000.000000000000000000000000000000000
      7000000.000000000000000000000000000000000
      7000000.000000000000000000000000000000000
           -0.114249868747518315559297263916960
            0.000001259153399999999888272321329
            0.193818367034860772335491674311925
            0.142516275100000006093026172493410
            0.000000000000000000000000000000000
            0.000000000000000000000000000000000
           -0.041276580214553375280939206959374
            0.000001259153399999999888272321329
            0.193809480922482263443029637528525
            0.142516275100000006093026172493410
            0.000000000000000000000000000000000
            0.000000000000000000000000000000000
      7000000.000000000000000000000000000000000
      7000000.000000000000000000000000000000000
      7000000.000000000000000000000000000000000
           -0.103288241063874519642951099740458
            0.000001259153399999999888272321329
            0.145153806645580030210140876079095
            0.142516275100000006093026172493410
            0.000000000000000000000000000000000
            0.000000000000000000000000000000000
           -0.036546303941704383344557527379948
            0.000001259153399999999888272321329
            0.126145523867435632725531036157918
            0.142516275100000006093026172493410
            0.000000000000000000000000000000000
            0.000000000000000000000000000000000
      7000000.000000000000000000000000000000000
      7000000.000000000000000000000000000000000
      7000000.000000000000000000000000000000000
            0.152609847422337768785283174111100
            0.000001259153399999999888272321329
           -0.064783072192595103633294684186694
            0.142516275100000006093026172493410
            0.000000000000000000000000000000000
            0.000000000000000000000000000000000
            0.117039833618440017315442958079075
            0.000001259153399999999888272321329
            0.181108796683139977590215607960999
            0.142516275100000006093026172493410
            0.000000000000000000000000000000000
            0.000000000000000000000000000000000
      7000000.000000000000000000000000000000000
      7000000.000000000000000000000000000000000
      7000000.000000000000000000000000000000000
           -0.150107384371375052189989673934178
            0.000001259153399999999888272321329
           -0.125253797345478257163620128267212
            0.142516275100000006093026172493410
            0.000000000000000000000000000000000
            0.000000000000000000000000000000000
            0.214524243797891200902228092672885
            0.000001259153399999999888272321329
           -0.059364795767288876249256901473927
            0.142516275100000006093026172493410
            0.000000000000000000000000000000000
            0.000000000000000000000000000000000
      7000000.000000000000000000000000000000000
      7000000.000000000000000000000000000000000
      7000000.000000000000000000000000000000000
           -0.108936901012125719745426977169700
            0.000001259153399999999888272321329
            0.130438990500597762345336150247022
            0.142516275100000006093026172493410
            0.000000000000000000000000000000000
            0.000000000000000000000000000000000
           -0.007900191136231030780701090066032
            0.000001259153399999999888272321329
           -0.127073150595308298482777331628313
            0.142516275100000006093026172493410
            0.000000000000000000000000000000000
            0.000000000000000000000000000000000
      7000000.000000000000000000000000000000000
      7000000.000000000000000000000000000000000
      7000000.000000000000000000000000000000000
           -0.147673194548434000283876343928569
            0.000001259153399999999888272321329
            0.106767724529540225519852469915350
            0.142516275100000006093026172493410
            0.000000000000000000000000000000000
            0.000000000000000000000000000000000
            0.083754174909876633048355643040850
            0.000001259153399999999888272321329
           -0.179039323220339413600399325332546
            0.142516275100000006093026172493410
            0.000000000000000000000000000000000
            0.000000000000000000000000000000000
      7000000.000000000000000000000000000000000
      7000000.000000000000000000000000000000000
      7000000.000000000000000000000000000000000
           -0.066874350911878779890606949720677
            0.000001259153399999999888272321329
            0.137022953424794119436924688670842
            0.142516275100000006093026172493410
            0.000000000000000000000000000000000
            0.000000000000000000000000000000000
            0.145187898458557951286707066174131
            0.000001259153399999999888272321329
           -0.013355741252425662804470540834245
            0.142516275100000006093026172493410
            0.000000000000000000000000000000000
            0.000000000000000000000000000000000
      7000000.000000000000000000000000000000000
      7000000.000000000000000000000000000000000
      7000000.000000000000000000000000000000000
           -0.096500382827361702586799196978973
            0.000001259153399999999888272321329
           -0.071311600468368777083760789992084
            0.142516275100000006093026172493410
            0.000000000000000000000000000000000
            0.000000000000000000000000000000000
            0.144714370652629320534998669245397
            0.000001259153399999999888272321329
            0.125337988601705252467155560225365
            0.142516275100000006093026172493410
            0.000000000000000000000000000000000
            0.000000000000000000000000000000000
      7000000.000000000000000000000000000000000
      7000000.000000000000000000000000000000000
      7000000.000000000000000000000000000000000
