                3045602.524675035849213600158691406250005
             -908802366.000851154327392578125000000000042
                6136073.717454434372484683990478515625010
            -1195940642.572100877761840820312499999999237
                      0.000000000000000000000000000000000
                      0.000000000000000000000000000000000
                     -0.123388816642347548535596502006229
                     -0.059575911584236813933745935401021
                      0.043088745874765591037380829675385
                      0.467871698877068642463683545429376
                      0.000000000000000000000000000000000
                      0.000000000000000000000000000000000
                7000000.000000000000000000000000000000011
                7000000.000000000000000000000000000000011
                7000000.000000000000000000000000000000011
             -524911700.898365676403045654296875000000024
             -127668466.893213704228401184082031250000006
              633191336.170025944709777832031250000000029
              154004256.373914569616317749023437500000007
                      0.000000000000000000000000000000000
                      0.000000000000000000000000000000000
                     -0.115264960083625328524092878978990
                      0.079593933374356606869071129040094
                     -0.079329394331182676025626676619140
                      0.254241802033347175093780379029340
                      0.000000000000000000000000000000000
                      0.000000000000000000000000000000000
                7000000.000000000000000000000000000000011
                7000000.000000000000000000000000000000011
                7000000.000000000000000000000000000000011
                     -0.019436416101891361429832016938235
                      0.257380648949824986093659617836238
                     -0.060971389459524086285036048593611
                      0.350133029208104129548217997580650
                      0.000000000000000000000000000000000
                      0.000000000000000000000000000000000
                      0.235744744358940022666004665552464
                     -0.055679205195941890160771237106019
                      0.177166238460392644338270429216209
                      0.172761748223288102987993397618993
                      0.000000000000000000000000000000000
                      0.000000000000000000000000000000000
                7000000.000000000000000000000000000000011
                7000000.000000000000000000000000000000011
                7000000.000000000000000000000000000000011
                      0.005663835387752085524792899917657
                     -0.280685514957466686336573502558167
                      0.015840991092687894264967596313909
                      0.149725178874077852197999050076760
                      0.000000000000000000000000000000000
                      0.000000000000000000000000000000000
                     -0.093610857586476747815851240375196
                      0.040954441755489554011226971397264
                     -0.140277618664230718792396146454848
                      0.198104165227949047256572612241143
                      0.000000000000000000000000000000000
                      0.000000000000000000000000000000000
                7000000.000000000000000000000000000000011
                7000000.000000000000000000000000000000011
                7000000.000000000000000000000000000000011
                      0.113795862786940968347515479308640
                     -0.016007013217487556233642465031153
                      0.029785634310914816530457827070677
                      0.286219415003899690930211363593116
                      0.000000000000000000000000000000000
                      0.000000000000000000000000000000000
                  -1306.653262385440257276059128344058990
          ***********************************************
                    -32.594878705271945307231362676247954
          ***********************************************
                      0.000000000000000000000000000000000
                      0.000000000000000000000000000000000
                7000000.000000000000000000000000000000011
                7000000.000000000000000000000000000000011
                7000000.000000000000000000000000000000011
                      0.065104093479297478475054106183961
                      0.240849339485493835200102807903022
                     -0.029284561587093423107308609587562
                     -0.081972169847280965115920992047904
                      0.000000000000000000000000000000000
                      0.000000000000000000000000000000000
                     -0.013276081476814556928123245427287
                     -0.015079694698137781350144592806828
                     -0.066263940566500853512899027464300
                     -0.043159681373173150453759205902315
                      0.000000000000000000000000000000000
                      0.000000000000000000000000000000000
                7000000.000000000000000000000000000000011
                7000000.000000000000000000000000000000011
                7000000.000000000000000000000000000000011
                      0.127016420552053560522054453940655
                      0.255208021588175126836972594901454
                     -0.123758076116972579039376967102726
                      0.097097333164444077358012918921304
                      0.000000000000000000000000000000000
                      0.000000000000000000000000000000000
                     -0.173870910549244722664852247362433
                      0.009619649557559310434906585385306
                      0.094855342247103111019690402372362
                      0.197367922869401718477533336226770
                      0.000000000000000000000000000000000
                      0.000000000000000000000000000000000
                7000000.000000000000000000000000000000011
                7000000.000000000000000000000000000000011
                7000000.000000000000000000000000000000011
                     -0.013993023368870328645985345872305
                     -0.104590831321548671795085283520166
                      0.131730475748575354133507175902196
                      0.037649989645403947324808768826188
                      0.000000000000000000000000000000000
                      0.000000000000000000000000000000000
                      0.108173444485882050414282673500566
                     -0.017158275031824831574622791663387
                     -0.101549605304489740098539130030986
                      0.152617485416625592309358694365073
                      0.000000000000000000000000000000000
                      0.000000000000000000000000000000000
                7000000.000000000000000000000000000000011
                7000000.000000000000000000000000000000011
                7000000.000000000000000000000000000000011
                      0.013749094192980025955219680611208
                     -0.394747771415736525835171732978779
                     -0.044296631048902725125149260065882
                      0.122278477534171592377987280997331
                      0.000000000000000000000000000000000
                      0.000000000000000000000000000000000
                      0.089987521895785071990303549682721
                      0.244553163664785438990989518970309
                      0.126654398892836861367783285459154
                      0.269585484036827027765070852183271
                      0.000000000000000000000000000000000
                      0.000000000000000000000000000000000
                7000000.000000000000000000000000000000011
                7000000.000000000000000000000000000000011
                7000000.000000000000000000000000000000011
                      0.050120958251780985126533352058686
                      0.175518678682075102148729683904094
                     -0.130429304520227995478620641733869
                      0.394434424979464570704124071198748
                      0.000000000000000000000000000000000
                      0.000000000000000000000000000000000
                      0.172028392405596836089998191710038
                      0.030059547001888328732199795467750
                     -0.008164065966260874995796825714933
                      0.146447842676446365883791145279247
                      0.000000000000000000000000000000000
                      0.000000000000000000000000000000000
                7000000.000000000000000000000000000000011
                7000000.000000000000000000000000000000011
                7000000.000000000000000000000000000000011
                      0.179401678847686457674015514385246
                     -0.011035240838795734238941825822167
                     -0.006591745733105162929899023538383
                      0.167689930731715869383080530496954
                      0.000000000000000000000000000000000
                      0.000000000000000000000000000000000
                      0.098823145469884590696985071645031
                     -0.184386206829392412798185318933974
                     -0.021079343489259452781858783509961
                      0.058713236475785010592964852094156
                      0.000000000000000000000000000000000
                      0.000000000000000000000000000000000
                7000000.000000000000000000000000000000011
                7000000.000000000000000000000000000000011
                7000000.000000000000000000000000000000011
                      0.124419918567534482090053415959119
                      0.211098530368572984139419190796616
                     -0.105204253108629602886381348980649
                      0.062930239881285654490739034372382
                      0.000000000000000000000000000000000
                      0.000000000000000000000000000000000
                      0.010911488532049712016358533617222
                      0.047890288308765967262292662098844
                     -0.120593522992184190578690561324038
                      0.324272351275888437438510436550132
                      0.000000000000000000000000000000000
                      0.000000000000000000000000000000000
                7000000.000000000000000000000000000000011
                7000000.000000000000000000000000000000011
                7000000.000000000000000000000000000000011
                      0.031790460252714522471073621545656
                     -0.056859467605373956167191806798655
                     -0.048146018098450656108600043125989
                     -0.157002365720917330671468903346977
                      0.000000000000000000000000000000000
                      0.000000000000000000000000000000000
                      0.021840512396997219246586041663249
                      0.333946292492793894712832525328849
                      0.087106207889011577627513815968996
                     -0.061264397821777318020597391523552
                      0.000000000000000000000000000000000
                      0.000000000000000000000000000000000
                7000000.000000000000000000000000000000011
                7000000.000000000000000000000000000000011
                7000000.000000000000000000000000000000011
                     -0.131160986720085748213904253134388
                     -0.068630435426927927089479908318026
                      0.073654185044950720717693570804840
                     -0.166532067322661625485835656945710
                      0.000000000000000000000000000000000
                      0.000000000000000000000000000000000
                     -0.015556480003339465123524121281662
                      0.076613928500357642015217152220430
                     -0.019129394315770244239249819884208
                     -0.084246018195036576070577893915470
                      0.000000000000000000000000000000000
                      0.000000000000000000000000000000000
                7000000.000000000000000000000000000000011
                7000000.000000000000000000000000000000011
                7000000.000000000000000000000000000000011
                     -0.083473585780842851633565260272007
                     -0.257191688398533513382204773733974
                      0.055659688796418749223704480755259
                      0.382486031408357185501500907776062
                      0.000000000000000000000000000000000
                      0.000000000000000000000000000000000
                -367490.094951495586428791284561157226563
                -246086.221836710290517657995223999023438
                 -14556.842911471972911385819315910339355
                  -9961.352485411165616824291646480560303
                      0.000000000000000000000000000000000
                      0.000000000000000000000000000000000
                7000000.000000000000000000000000000000011
                7000000.000000000000000000000000000000011
                7000000.000000000000000000000000000000011
                      0.064401072848258425485035161273117
                      0.124868595971382959075590690645186
                      0.106174361200060948795531601263065
                      0.100352447904334882156085484439245
                      0.000000000000000000000000000000000
                      0.000000000000000000000000000000000
                     -0.084033941490725905243408533351612
                      0.094456425698456830675198148128402
                     -0.161252464999776218279592399085232
                      0.049781124259475541260488995476408
                      0.000000000000000000000000000000000
                      0.000000000000000000000000000000000
                7000000.000000000000000000000000000000011
                7000000.000000000000000000000000000000011
                7000000.000000000000000000000000000000011
                      0.065404293805638960557224947933719
                      0.058125574048704463370196293681147
                      0.134631884404532192744952112661849
                      0.475071621141211042349539184215246
                      0.000000000000000000000000000000000
                      0.000000000000000000000000000000000
                      0.008102986006738708071872601124142
                      0.027981253811222399352498513280807
                      0.180749537723668057820347598863009
                      0.015696199221916010829724896780135
                      0.000000000000000000000000000000000
                      0.000000000000000000000000000000000
                7000000.000000000000000000000000000000011
                7000000.000000000000000000000000000000011
                7000000.000000000000000000000000000000011
                     -0.120994523610989793138692505181098
                     -0.157189824528614435772411184188968
                      0.057677354576250346174237648710914
                      0.189686895408099076565378027225961
                      0.000000000000000000000000000000000
                      0.000000000000000000000000000000000
                      0.159684345363202723211415445803141
                     -0.183351083825083360778762653353624
                     -0.029318478415496913164206560509228
                      0.307518755819058464684445652892464
                      0.000000000000000000000000000000000
                      0.000000000000000000000000000000000
                7000000.000000000000000000000000000000011
                7000000.000000000000000000000000000000011
                7000000.000000000000000000000000000000011
                     -0.006265700307310542380156981323580
                     -0.106813258855302892214034216067375
                     -0.088277968452609031912992065826984
                     -0.052119392631658330305999271558903
                      0.000000000000000000000000000000000
                      0.000000000000000000000000000000000
                      0.173932603268742047575301512551960
                      0.114022919642504702575358521698945
                     -0.062111587524950072347618146295645
                      0.229440196740060775582037422282156
                      0.000000000000000000000000000000000
                      0.000000000000000000000000000000000
                7000000.000000000000000000000000000000011
                7000000.000000000000000000000000000000011
                7000000.000000000000000000000000000000011
                     -0.119489423268989911064430486931087
                     -0.021625921069870369245480290487649
                     -0.177677860209883603515024219632323
                      0.399562245097276502736605152676930
                      0.000000000000000000000000000000000
                      0.000000000000000000000000000000000
                      0.031839592492115605104618936138650
                     -0.182515994500411143919293976978224
                      0.020603129244902526617799765062955
                     -0.048610891211299661618383538552735
                      0.000000000000000000000000000000000
                      0.000000000000000000000000000000000
                7000000.000000000000000000000000000000011
                7000000.000000000000000000000000000000011
                7000000.000000000000000000000000000000011
                     -0.035484093279903282380782769678262
                      0.165320996565969852154509567299101
                     -0.033684000717722935303033438003695
                     -0.092233620981516176162706699415139
                      0.000000000000000000000000000000000
                      0.000000000000000000000000000000000
                     -0.087707153855765940253519374891766
                      0.120143193161859174189487475814531
                      0.098134573354511256404464347724570
                      0.130461614411928605861135110899340
                      0.000000000000000000000000000000000
                      0.000000000000000000000000000000000
                7000000.000000000000000000000000000000011
                7000000.000000000000000000000000000000011
                7000000.000000000000000000000000000000011
                      0.115387121421107019525464920661761
                     -0.089177885730084185955668374390370
                     -0.034742944038036308040950927988888
                      0.168810249494378367129954199299391
                      0.000000000000000000000000000000000
                      0.000000000000000000000000000000000
                     -0.061913351296059210282507478950720
                      0.040848793861822038642195309421368
                     -0.133732164200001391041183751440258
                      0.385412491117546607277688508474967
                      0.000000000000000000000000000000000
                      0.000000000000000000000000000000000
                7000000.000000000000000000000000000000011
                7000000.000000000000000000000000000000011
                7000000.000000000000000000000000000000011
                     -0.178279716532366405701282019435894
                     -0.048136625756843798296102931999485
                      0.102863528849118521235617151887709
                      0.319553530099799087960121823925874
                      0.000000000000000000000000000000000
                      0.000000000000000000000000000000000
                     -0.056836839239117795119504705780855
                      0.218624005897984169388692521351913
                     -0.139835343623664815071450107097917
                      0.377185118062149826734241742087761
                      0.000000000000000000000000000000000
                      0.000000000000000000000000000000000
                7000000.000000000000000000000000000000011
                7000000.000000000000000000000000000000011
                7000000.000000000000000000000000000000011
                     -0.149491335174783607220305725604703
                     -0.103269628661149567849797392682376
                      0.059217557657506594837037994238926
                     -0.121810193834396743306491828207072
                      0.000000000000000000000000000000000
                      0.000000000000000000000000000000000
                      0.037504589569023832895666714648542
                     -0.011297921885879427805754460223397
                     -0.112081398141787982880579477296124
                      0.034632524381615660546973600730780
                      0.000000000000000000000000000000000
                      0.000000000000000000000000000000000
                7000000.000000000000000000000000000000011
                7000000.000000000000000000000000000000011
                7000000.000000000000000000000000000000011
                     -0.188080921511546456104113644869358
                      0.105929821682314573294547699333634
                      0.012189700818986071162441930937348
                      0.048563340255863167438388217078682
                      0.000000000000000000000000000000000
                      0.000000000000000000000000000000000
                      0.005800856500174526864110902124594
                     -0.219166491014419734240092907384678
                     -0.131605089733029090304228247987339
                      0.405205845947619602842593167224550
                      0.000000000000000000000000000000000
                      0.000000000000000000000000000000000
                7000000.000000000000000000000000000000011
                7000000.000000000000000000000000000000011
                7000000.000000000000000000000000000000011
                     -0.110825917095358328356979882300948
                     -0.144789409117585421427065739408135
                      0.112679316046180810761967450162047
                      0.096075377314083582058756860533322
                      0.000000000000000000000000000000000
                      0.000000000000000000000000000000000
                 -66054.140670447275624610483646392822266
                 -21880.474162107202573679387569427490234
                -109916.956862497929250821471214294433594
                 -32294.523352299271209631115198135375977
                      0.000000000000000000000000000000000
                      0.000000000000000000000000000000000
                7000000.000000000000000000000000000000011
                7000000.000000000000000000000000000000011
                7000000.000000000000000000000000000000011
                      0.059961072208447749321003072964231
                     -0.186020417211379157640394055306388
                      0.029904630961867587068958584950451
                     -0.079551334964418365935934218668990
                      0.000000000000000000000000000000000
                      0.000000000000000000000000000000000
                     -0.004899412597274428390892175855242
                     -0.003238718566303329989691794921214
                      0.047626228531062603233081631515233
                     -0.071211212391079067862698082080897
                      0.000000000000000000000000000000000
                      0.000000000000000000000000000000000
                7000000.000000000000000000000000000000011
                7000000.000000000000000000000000000000011
                7000000.000000000000000000000000000000011
                     -0.144665139563600331218395922405762
                      0.079953840636659487262072332214302
                      0.101575494655720258152520329986146
                      0.208396197924017229086146585359529
                      0.000000000000000000000000000000000
                      0.000000000000000000000000000000000
                     -0.061177633543341887467637008057864
                      0.113692303530877072970106667071377
                      0.091339390018115362845918525636080
                     -0.029633379796903201036650798982919
                      0.000000000000000000000000000000000
                      0.000000000000000000000000000000000
                7000000.000000000000000000000000000000011
                7000000.000000000000000000000000000000011
                7000000.000000000000000000000000000000011
                      0.027466801151190791546730096683859
                     -0.109212577652052902910106979561533
                     -0.094453825480736594566444352949475
                      0.313880042132950787259204616930219
                      0.000000000000000000000000000000000
                      0.000000000000000000000000000000000
                     -0.080735334371218325788532865772140
                      0.209076798636120803065452378177724
                      0.043066066477295890380094789406940
                      0.221668804479677516994229335978162
                      0.000000000000000000000000000000000
                      0.000000000000000000000000000000000
                7000000.000000000000000000000000000000011
                7000000.000000000000000000000000000000011
                7000000.000000000000000000000000000000011
                     -0.071408766269714513130750788150181
                     -0.115102375047872476643284755937202
                     -0.059654895091346041291480162271910
                      0.096630857952996820903202035424329
                      0.000000000000000000000000000000000
                      0.000000000000000000000000000000000
                      0.164929009932281628314498789222853
                      0.172237705881409686181626739198691
                      0.094308090083089032851226818365831
                      0.094329858867241794806446364418662
                      0.000000000000000000000000000000000
                      0.000000000000000000000000000000000
                7000000.000000000000000000000000000000011
                7000000.000000000000000000000000000000011
                7000000.000000000000000000000000000000011
                3045602.524675035849213600158691406250005
             -908802366.000851154327392578125000000000042
                6136073.717454434372484683990478515625010
            -1195940642.572100877761840820312499999999237
                      0.000000000000000000000000000000000
                      0.000000000000000000000000000000000
                      0.011073929200006729645089365021704
                     -0.238530025467745543377162675824366
                      0.021541698447740280364381959543607
                     -0.210753401655198457920192822712124
                      0.000000000000000000000000000000000
                      0.000000000000000000000000000000000
                7000000.000000000000000000000000000000011
                7000000.000000000000000000000000000000011
                7000000.000000000000000000000000000000011
             -524911700.898365676403045654296875000000024
             -127668466.893213704228401184082031250000006
              633191336.170025944709777832031250000000029
              154004256.373914569616317749023437500000007
                      0.000000000000000000000000000000000
                      0.000000000000000000000000000000000
                     -0.098657273443352136443884603522747
                      0.163543002808876319909003882457910
                     -0.028746552569833477147609457347244
                     -0.041810318304734139793765734793851
                      0.000000000000000000000000000000000
                      0.000000000000000000000000000000000
                7000000.000000000000000000000000000000011
                7000000.000000000000000000000000000000011
                7000000.000000000000000000000000000000011
                      0.098383922890867434030148785950587
                      0.234716321023797441780445183212578
                      0.081317017382420503368578579284076
                      0.381241441151686233368423017964233
                      0.000000000000000000000000000000000
                      0.000000000000000000000000000000000
           -13058296075.193778991699218750000000000002836
            -5852337892.076078414916992187499999999996266
           -18305257335.652240753173828125000000000003976
            -7947828730.112358093261718749999999999994929
                      0.000000000000000000000000000000000
                      0.000000000000000000000000000000000
                7000000.000000000000000000000000000000011
                7000000.000000000000000000000000000000011
                7000000.000000000000000000000000000000011
                      0.125439296502184882697861212363932
                     -0.119281653751568086918588562639343
                     -0.010105603955811684468990563345869
                      0.256607715501143640590697714287671
                      0.000000000000000000000000000000000
                      0.000000000000000000000000000000000
                     -0.096980695527143473411157970076601
                      0.186706655976059621160345614043763
                     -0.041273120202766910846747805408086
                     -0.161909994906228427158367821903084
                      0.000000000000000000000000000000000
                      0.000000000000000000000000000000000
                7000000.000000000000000000000000000000011
                7000000.000000000000000000000000000000011
                7000000.000000000000000000000000000000011
                      0.115042626135829370581653563476721
                     -0.026732385438493815044136425740362
                     -0.053608963054291046412824783828910
                      0.235774897849325093535099995278870
                      0.000000000000000000000000000000000
                      0.000000000000000000000000000000000
                  -1306.653262385440257276059128344058990
          ***********************************************
                    -32.594878705271945307231362676247954
          ***********************************************
                      0.000000000000000000000000000000000
                      0.000000000000000000000000000000000
                7000000.000000000000000000000000000000011
                7000000.000000000000000000000000000000011
                7000000.000000000000000000000000000000011
                      0.147618216342769337234841486861114
                      0.070694450988227963694754407697474
                      0.064360342024401662186505745921750
                     -0.017410698866430047992981400284407
                      0.000000000000000000000000000000000
                      0.000000000000000000000000000000000
                     -0.006929352483818909148871600933717
                     -0.022895702305028835937816822365676
                     -0.042537849626742153807956725586337
                      0.352568346073362348658264409095864
                      0.000000000000000000000000000000000
                      0.000000000000000000000000000000000
                7000000.000000000000000000000000000000011
                7000000.000000000000000000000000000000011
                7000000.000000000000000000000000000000011
                  17041.211258908126183087006211280822754
          ***********************************************
                 -84077.031407619011588394641876220703125
          ***********************************************
                      0.000000000000000000000000000000000
                      0.000000000000000000000000000000000
                      0.147564751893485807121564334920549
                     -0.160214117225708940761563781052246
                     -0.052850507176686913057839234397761
                      0.008096316260080541407639920237216
                      0.000000000000000000000000000000000
                      0.000000000000000000000000000000000
                7000000.000000000000000000000000000000011
                7000000.000000000000000000000000000000011
                7000000.000000000000000000000000000000011
                     -0.045486878445427064709960518484877
                     -0.049523151999841988346595655912097
                     -0.093888184891824863487208574497345
                      0.348769532666233339490702292096103
                      0.000000000000000000000000000000000
                      0.000000000000000000000000000000000
                     -0.109281490366182759688129522146482
                      0.081254047952503738461160764927627
                     -0.104531649475267982007942180189275
                      0.165941359169208157986474816425471
                      0.000000000000000000000000000000000
                      0.000000000000000000000000000000000
                7000000.000000000000000000000000000000011
                7000000.000000000000000000000000000000011
                7000000.000000000000000000000000000000011
                      0.189500312718125313304895485089219
                      0.261670826209317641808382859380799
                      0.055593812014353802264388093590242
                      0.239302912924243355030640145741927
                      0.000000000000000000000000000000000
                      0.000000000000000000000000000000000
                      0.085011439626135359981518035965564
                     -0.305034853303696451565230063351919
                     -0.071684837906850443212114498692245
                     -0.170474714356345119492530670868291
                      0.000000000000000000000000000000000
                      0.000000000000000000000000000000000
                7000000.000000000000000000000000000000011
                7000000.000000000000000000000000000000011
                7000000.000000000000000000000000000000011
                     -0.099014580994093159826974215320661
                      0.256702483355032706757725691204541
                     -0.227056840326253589479321703947790
                      0.122442819798752530746632771752047
                      0.000000000000000000000000000000000
                      0.000000000000000000000000000000000
                      0.165286271660553846230001795447606
                      0.060317739424602417885878935521760
                     -0.028539704990439132559210122508375
                      0.229893145463405779160837028030073
                      0.000000000000000000000000000000000
                      0.000000000000000000000000000000000
                7000000.000000000000000000000000000000011
                7000000.000000000000000000000000000000011
                7000000.000000000000000000000000000000011
                     -0.045251243410191620275551116492352
                      0.315258369951705752498583024134859
                      0.022246357985958527953007646260630
                      0.240637283905756671487097264616750
                      0.000000000000000000000000000000000
                      0.000000000000000000000000000000000
                     -0.104649750926005757900583148511942
                     -0.187613412143676883125920085149119
                     -0.024387036584726101695608235786494
                      0.163698771774194673511715336644556
                      0.000000000000000000000000000000000
                      0.000000000000000000000000000000000
                7000000.000000000000000000000000000000011
                7000000.000000000000000000000000000000011
                7000000.000000000000000000000000000000011
                     -0.131848946344777007144699609852978
                     -0.084472322483601328113600459346344
                     -0.016146557256152278825300783182684
                     -0.098817223960823166728495436927915
                      0.000000000000000000000000000000000
                      0.000000000000000000000000000000000
                     -0.031259194522116610925888124938865
                     -0.029355738408769246894358673216630
                     -0.107469088538575480162862163524551
                      0.350149356396812994063338919659145
                      0.000000000000000000000000000000000
                      0.000000000000000000000000000000000
                7000000.000000000000000000000000000000011
                7000000.000000000000000000000000000000011
                7000000.000000000000000000000000000000011
                      0.039997731611861382650108254210863
                     -0.040086023553810780362116616970525
                     -0.056449949955473727181143317466194
                     -0.128159298633380491772015830065357
                      0.000000000000000000000000000000000
                      0.000000000000000000000000000000000
                 102236.837801037181634455919265747070313
          ***********************************************
                  82961.141132582226418890058994293212891
          ***********************************************
                      0.000000000000000000000000000000000
                      0.000000000000000000000000000000000
                7000000.000000000000000000000000000000011
                7000000.000000000000000000000000000000011
                7000000.000000000000000000000000000000011
                      0.096574305306030339135503481884371
                     -0.091308215454192515059261836540827
                      0.153042572384428865461813984438777
                      0.294257088797398258517290514646447
                      0.000000000000000000000000000000000
                      0.000000000000000000000000000000000
                      0.046179747990880787300582710486196
                      0.052695837280920310163878639286850
                      0.120771128847151548724170311288617
                      0.090309872922380227122651774607220
                      0.000000000000000000000000000000000
                      0.000000000000000000000000000000000
                7000000.000000000000000000000000000000011
                7000000.000000000000000000000000000000011
                7000000.000000000000000000000000000000011
                     -0.137157879229280382782363290061767
                      0.150852181809937591072667828484555
                      0.127364772067510567676862365260604
                      0.159016535853412355194791416579392
                      0.000000000000000000000000000000000
                      0.000000000000000000000000000000000
                -367490.094951495586428791284561157226563
                -246086.221836710290517657995223999023438
                 -14556.842911471972911385819315910339355
                  -9961.352485411165616824291646480560303
                      0.000000000000000000000000000000000
                      0.000000000000000000000000000000000
                7000000.000000000000000000000000000000011
                7000000.000000000000000000000000000000011
                7000000.000000000000000000000000000000011
                      0.064039067472082114584885914609913
                     -0.095877042357468286737365303906699
                      0.095312131391600121710361293025926
                      0.035169511585638087158844911073174
                      0.000000000000000000000000000000000
                      0.000000000000000000000000000000000
                     -0.043150847313210331790411800056972
                      0.245285725215243388674934976734221
                      0.029803508746061444650843341719337
                     -0.154932775800138533561778331204550
                      0.000000000000000000000000000000000
                      0.000000000000000000000000000000000
                7000000.000000000000000000000000000000011
                7000000.000000000000000000000000000000011
                7000000.000000000000000000000000000000011
                2314237.699557778891175985336303710937504
                1039864.348461625166237354278564453125002
               -3703035.266496164258569478988647460937506
               -1603315.390704467426985502243041992187503
                      0.000000000000000000000000000000000
                      0.000000000000000000000000000000000
                      0.127417480335380167710823684501520
                     -0.091845655570043788218370650611178
                      0.159720969010947150268364680414379
                      0.118420569209922860176575909463281
                      0.000000000000000000000000000000000
                      0.000000000000000000000000000000000
                7000000.000000000000000000000000000000011
                7000000.000000000000000000000000000000011
                7000000.000000000000000000000000000000011
                     -0.129131766244571954960207449403242
                      0.215800957423923162048495782983082
                     -0.012994702976409453626382983770782
                      0.188743829311866895270810573492781
                      0.000000000000000000000000000000000
                      0.000000000000000000000000000000000
                     -0.039075002720575784109779959862863
                     -0.265037348599620248279506995459087
                     -0.083478676226039022489899821266590
                      0.207605174825448657305315691701253
                      0.000000000000000000000000000000000
                      0.000000000000000000000000000000000
                7000000.000000000000000000000000000000011
                7000000.000000000000000000000000000000011
                7000000.000000000000000000000000000000011
                     -0.038838814837602431140339831472374
                     -0.107873256164383160560227281621337
                      0.061551427500780915569311702029154
                     -0.085839984539911665106792781898548
                      0.000000000000000000000000000000000
                      0.000000000000000000000000000000000
                      0.152108950840590895214887723341235
                      0.189127734114897555484091640209954
                      0.027428614541021825029565306408585
                     -0.033529650858417657521837185186087
                      0.000000000000000000000000000000000
                      0.000000000000000000000000000000000
                7000000.000000000000000000000000000000011
                7000000.000000000000000000000000000000011
                7000000.000000000000000000000000000000011
                      0.060886889163370226663030138070098
                     -0.119484725869022784250361723934475
                      0.068491657909887454502850800963643
                      0.478815377081325210806284076170414
                      0.000000000000000000000000000000000
                      0.000000000000000000000000000000000
                     -0.081928263462625550150875142207951
                     -0.101650524747650752854788436252420
                     -0.090576153206427034714209867161117
                      0.071658258472772143332640837343206
                      0.000000000000000000000000000000000
                      0.000000000000000000000000000000000
                7000000.000000000000000000000000000000011
                7000000.000000000000000000000000000000011
                7000000.000000000000000000000000000000011
                     -0.057777792106054201570763950712717
                      0.036523678568702144797697428657557
                     -0.201248411446789454704031641085749
                      0.140673428377419973411832643250818
                      0.000000000000000000000000000000000
                      0.000000000000000000000000000000000
                     -0.114983791056562256738260430211085
                      0.011756837751978757924953278291014
                      0.039481366832993552984376606218575
                      0.010767073206356848544262838629493
                      0.000000000000000000000000000000000
                      0.000000000000000000000000000000000
                7000000.000000000000000000000000000000011
                7000000.000000000000000000000000000000011
                7000000.000000000000000000000000000000011
                      0.082183480774423611769918807112845
                     -0.167640868469902504234170237396029
                     -0.039569974815472586104903029990965
                      0.202519295040029911891821257086121
                      0.000000000000000000000000000000000
                      0.000000000000000000000000000000000
                     -0.068048692275284761166176394908689
                      0.107830786012392668138382134657149
                      0.190184776178111386579772101868002
                      0.016946521879158668588694069967460
                      0.000000000000000000000000000000000
                      0.000000000000000000000000000000000
                7000000.000000000000000000000000000000011
                7000000.000000000000000000000000000000011
                7000000.000000000000000000000000000000011
                     -0.141743099423251500690312809638272
                      0.095800241441582473234106487325334
                      0.015909318717852501817722199461969
                     -0.152540234647611183671500612035743
                      0.000000000000000000000000000000000
                      0.000000000000000000000000000000000
                     -0.022132819156194565718420719235837
                      0.192784612841132019234180461353390
                     -0.081567950496921559633278775436338
                     -0.149662367810819929569987607465009
                      0.000000000000000000000000000000000
                      0.000000000000000000000000000000000
                7000000.000000000000000000000000000000011
                7000000.000000000000000000000000000000011
                7000000.000000000000000000000000000000011
             -173551374.915260821580886840820312500000008
          ***********************************************
              648762965.118293642997741699218750000000030
          ***********************************************
                      0.000000000000000000000000000000000
                      0.000000000000000000000000000000000
                     -0.044930441660612108201178216404514
                      0.004113414843770197074079852939121
                      0.065025002371722928629083071427885
                      0.329291182303840856970822414950817
                      0.000000000000000000000000000000000
                      0.000000000000000000000000000000000
                7000000.000000000000000000000000000000011
                7000000.000000000000000000000000000000011
                7000000.000000000000000000000000000000011
          ***********************************************
          -811923113809.074707031250000000000000000176360
          ***********************************************
          ***********************************************
                      0.000000000000000000000000000000000
                      0.000000000000000000000000000000000
                     -0.112428257570035522450169196417846
                     -0.001855643969555083056671707097962
                      0.189236315743708388703581135814602
                      0.015363693409934138164874006804439
                      0.000000000000000000000000000000000
                      0.000000000000000000000000000000000
                7000000.000000000000000000000000000000011
                7000000.000000000000000000000000000000011
                7000000.000000000000000000000000000000011
                      0.110738462080302885182092609284155
                      0.085652910558907252580596036750649
                      0.053854747721947190952640482919378
                      0.322262957140408812239940061772359
                      0.000000000000000000000000000000000
                      0.000000000000000000000000000000000
                 -66054.140670447275624610483646392822266
                 -21880.474162107202573679387569427490234
                -109916.956862497929250821471214294433594
                 -32294.523352299271209631115198135375977
                      0.000000000000000000000000000000000
                      0.000000000000000000000000000000000
                7000000.000000000000000000000000000000011
                7000000.000000000000000000000000000000011
                7000000.000000000000000000000000000000011
                      0.109015148597255154272467336795671
                     -0.036389141946400263560867927026266
                      0.114377790575020232832770261666155
                      0.144587787129743933212111528519017
                      0.000000000000000000000000000000000
                      0.000000000000000000000000000000000
                     -0.000469739911202956455030244065085
                      0.015336642484853620083118386219212
                      0.085222830248087494409148234808526
                      0.303092570998042820651363626893726
                      0.000000000000000000000000000000000
                      0.000000000000000000000000000000000
                7000000.000000000000000000000000000000011
                7000000.000000000000000000000000000000011
                7000000.000000000000000000000000000000011
                     -0.005409764014124593921317707412300
                     -0.293421617505025711380994835053571
                      0.038259709956166405853128509306771
                      0.259578981209401704610684191720793
                      0.000000000000000000000000000000000
                      0.000000000000000000000000000000000
                     -0.019153951603339304521345098919483
                      0.006063528631859304782181219195536
                      0.133260135296924042691557588113938
                      0.444659769280161931703787558944896
                      0.000000000000000000000000000000000
                      0.000000000000000000000000000000000
                7000000.000000000000000000000000000000011
                7000000.000000000000000000000000000000011
                7000000.000000000000000000000000000000011
                      0.037290926665531382022678030807583
                     -0.103651793532298711064676410842367
                      0.127151356734305415185914966968994
                      0.121549611988756897651420274542033
                      0.000000000000000000000000000000000
                      0.000000000000000000000000000000000
                      0.132100471144426551139972048076743
                      0.071713681055544820086566915051662
                      0.028531050539058973314343603533416
                      0.033491297539590250686991623751965
                      0.000000000000000000000000000000000
                      0.000000000000000000000000000000000
                7000000.000000000000000000000000000000011
                7000000.000000000000000000000000000000011
                7000000.000000000000000000000000000000011
                     -0.009948173519359735164635516468934
                     -0.177256807967182600238587042440486
                     -0.042952623474539465553423411847689
                      0.056791776595231102664484978959081
                      0.000000000000000000000000000000000
                      0.000000000000000000000000000000000
                      0.131413919502694404028986241428356
                      0.198791026669118298109140141605167
                      0.043908919588251091314923257868941
                     -0.065883720756027303044888299154991
                      0.000000000000000000000000000000000
                      0.000000000000000000000000000000000
                7000000.000000000000000000000000000000011
                7000000.000000000000000000000000000000011
                7000000.000000000000000000000000000000011
                3045602.524675035849213600158691406250005
             -908802366.000851154327392578125000000000042
                6136073.717454434372484683990478515625010
            -1195940642.572100877761840820312499999999237
                      0.000000000000000000000000000000000
                      0.000000000000000000000000000000000
                      0.011073929200006729645089365021704
                     -0.238530025467745543377162675824366
                      0.021541698447740280364381959543607
                     -0.210753401655198457920192822712124
                      0.000000000000000000000000000000000
                      0.000000000000000000000000000000000
                7000000.000000000000000000000000000000011
                7000000.000000000000000000000000000000011
                7000000.000000000000000000000000000000011
             -524911700.898365676403045654296875000000024
             -127668466.893213704228401184082031250000006
              633191336.170025944709777832031250000000029
              154004256.373914569616317749023437500000007
                      0.000000000000000000000000000000000
                      0.000000000000000000000000000000000
                     -0.098657273443352136443884603522747
                      0.163543002808876319909003882457910
                     -0.028746552569833477147609457347244
                     -0.041810318304734139793765734793851
                      0.000000000000000000000000000000000
                      0.000000000000000000000000000000000
                7000000.000000000000000000000000000000011
                7000000.000000000000000000000000000000011
                7000000.000000000000000000000000000000011
                      0.098383922890867434030148785950587
                      0.234716321023797441780445183212578
                      0.081317017382420503368578579284076
                      0.381241441151686233368423017964233
                      0.000000000000000000000000000000000
                      0.000000000000000000000000000000000
           -13058296075.193778991699218750000000000002836
            -5852337892.076078414916992187499999999996266
           -18305257335.652240753173828125000000000003976
            -7947828730.112358093261718749999999999994929
                      0.000000000000000000000000000000000
                      0.000000000000000000000000000000000
                7000000.000000000000000000000000000000011
                7000000.000000000000000000000000000000011
                7000000.000000000000000000000000000000011
                      0.125439296502184882697861212363932
                     -0.119281653751568086918588562639343
                     -0.010105603955811684468990563345869
                      0.256607715501143640590697714287671
                      0.000000000000000000000000000000000
                      0.000000000000000000000000000000000
                     -0.096980695527143473411157970076601
                      0.186706655976059621160345614043763
                     -0.041273120202766910846747805408086
                     -0.161909994906228427158367821903084
                      0.000000000000000000000000000000000
                      0.000000000000000000000000000000000
                7000000.000000000000000000000000000000011
                7000000.000000000000000000000000000000011
                7000000.000000000000000000000000000000011
                      0.115042626135829370581653563476721
                     -0.026732385438493815044136425740362
                     -0.053608963054291046412824783828910
                      0.235774897849325093535099995278870
                      0.000000000000000000000000000000000
                      0.000000000000000000000000000000000
                  -1306.653262385440257276059128344058990
          ***********************************************
                    -32.594878705271945307231362676247954
          ***********************************************
                      0.000000000000000000000000000000000
                      0.000000000000000000000000000000000
                7000000.000000000000000000000000000000011
                7000000.000000000000000000000000000000011
                7000000.000000000000000000000000000000011
                      0.147618216342769337234841486861114
                      0.070694450988227963694754407697474
                      0.064360342024401662186505745921750
                     -0.017410698866430047992981400284407
                      0.000000000000000000000000000000000
                      0.000000000000000000000000000000000
                     -0.006929352483818909148871600933717
                     -0.022895702305028835937816822365676
                     -0.042537849626742153807956725586337
                      0.352568346073362348658264409095864
                      0.000000000000000000000000000000000
                      0.000000000000000000000000000000000
                7000000.000000000000000000000000000000011
                7000000.000000000000000000000000000000011
                7000000.000000000000000000000000000000011
                  17041.211258908126183087006211280822754
          ***********************************************
                 -84077.031407619011588394641876220703125
          ***********************************************
                      0.000000000000000000000000000000000
                      0.000000000000000000000000000000000
                      0.147564751893485807121564334920549
                     -0.160214117225708940761563781052246
                     -0.052850507176686913057839234397761
                      0.008096316260080541407639920237216
                      0.000000000000000000000000000000000
                      0.000000000000000000000000000000000
                7000000.000000000000000000000000000000011
                7000000.000000000000000000000000000000011
                7000000.000000000000000000000000000000011
                     -0.045486878445427064709960518484877
                     -0.049523151999841988346595655912097
                     -0.093888184891824863487208574497345
                      0.348769532666233339490702292096103
                      0.000000000000000000000000000000000
                      0.000000000000000000000000000000000
                     -0.109281490366182759688129522146482
                      0.081254047952503738461160764927627
                     -0.104531649475267982007942180189275
                      0.165941359169208157986474816425471
                      0.000000000000000000000000000000000
                      0.000000000000000000000000000000000
                7000000.000000000000000000000000000000011
                7000000.000000000000000000000000000000011
                7000000.000000000000000000000000000000011
                      0.189500312718125313304895485089219
                      0.261670826209317641808382859380799
                      0.055593812014353802264388093590242
                      0.239302912924243355030640145741927
                      0.000000000000000000000000000000000
                      0.000000000000000000000000000000000
                      0.085011439626135359981518035965564
                     -0.305034853303696451565230063351919
                     -0.071684837906850443212114498692245
                     -0.170474714356345119492530670868291
                      0.000000000000000000000000000000000
                      0.000000000000000000000000000000000
                7000000.000000000000000000000000000000011
                7000000.000000000000000000000000000000011
                7000000.000000000000000000000000000000011
                     -0.099014580994093159826974215320661
                      0.256702483355032706757725691204541
                     -0.227056840326253589479321703947790
                      0.122442819798752530746632771752047
                      0.000000000000000000000000000000000
                      0.000000000000000000000000000000000
                      0.165286271660553846230001795447606
                      0.060317739424602417885878935521760
                     -0.028539704990439132559210122508375
                      0.229893145463405779160837028030073
                      0.000000000000000000000000000000000
                      0.000000000000000000000000000000000
                7000000.000000000000000000000000000000011
                7000000.000000000000000000000000000000011
                7000000.000000000000000000000000000000011
                     -0.045251243410191620275551116492352
                      0.315258369951705752498583024134859
                      0.022246357985958527953007646260630
                      0.240637283905756671487097264616750
                      0.000000000000000000000000000000000
                      0.000000000000000000000000000000000
                     -0.104649750926005757900583148511942
                     -0.187613412143676883125920085149119
                     -0.024387036584726101695608235786494
                      0.163698771774194673511715336644556
                      0.000000000000000000000000000000000
                      0.000000000000000000000000000000000
                7000000.000000000000000000000000000000011
                7000000.000000000000000000000000000000011
                7000000.000000000000000000000000000000011
                     -0.131848946344777007144699609852978
                     -0.084472322483601328113600459346344
                     -0.016146557256152278825300783182684
                     -0.098817223960823166728495436927915
                      0.000000000000000000000000000000000
                      0.000000000000000000000000000000000
                     -0.031259194522116610925888124938865
                     -0.029355738408769246894358673216630
                     -0.107469088538575480162862163524551
                      0.350149356396812994063338919659145
                      0.000000000000000000000000000000000
                      0.000000000000000000000000000000000
                7000000.000000000000000000000000000000011
                7000000.000000000000000000000000000000011
                7000000.000000000000000000000000000000011
                      0.039997731611861382650108254210863
                     -0.040086023553810780362116616970525
                     -0.056449949955473727181143317466194
                     -0.128159298633380491772015830065357
                      0.000000000000000000000000000000000
                      0.000000000000000000000000000000000
                 102236.837801037181634455919265747070313
          ***********************************************
                  82961.141132582226418890058994293212891
          ***********************************************
                      0.000000000000000000000000000000000
                      0.000000000000000000000000000000000
                7000000.000000000000000000000000000000011
                7000000.000000000000000000000000000000011
                7000000.000000000000000000000000000000011
                      0.096574305306030339135503481884371
                     -0.091308215454192515059261836540827
                      0.153042572384428865461813984438777
                      0.294257088797398258517290514646447
                      0.000000000000000000000000000000000
                      0.000000000000000000000000000000000
                      0.046179747990880787300582710486196
                      0.052695837280920310163878639286850
                      0.120771128847151548724170311288617
                      0.090309872922380227122651774607220
                      0.000000000000000000000000000000000
                      0.000000000000000000000000000000000
                7000000.000000000000000000000000000000011
                7000000.000000000000000000000000000000011
                7000000.000000000000000000000000000000011
                     -0.137157879229280382782363290061767
                      0.150852181809937591072667828484555
                      0.127364772067510567676862365260604
                      0.159016535853412355194791416579392
                      0.000000000000000000000000000000000
                      0.000000000000000000000000000000000
                -367490.094951495586428791284561157226563
                -246086.221836710290517657995223999023438
                 -14556.842911471972911385819315910339355
                  -9961.352485411165616824291646480560303
                      0.000000000000000000000000000000000
                      0.000000000000000000000000000000000
                7000000.000000000000000000000000000000011
                7000000.000000000000000000000000000000011
                7000000.000000000000000000000000000000011
                      0.064039067472082114584885914609913
                     -0.095877042357468286737365303906699
                      0.095312131391600121710361293025926
                      0.035169511585638087158844911073174
                      0.000000000000000000000000000000000
                      0.000000000000000000000000000000000
                     -0.043150847313210331790411800056972
                      0.245285725215243388674934976734221
                      0.029803508746061444650843341719337
                     -0.154932775800138533561778331204550
                      0.000000000000000000000000000000000
                      0.000000000000000000000000000000000
                7000000.000000000000000000000000000000011
                7000000.000000000000000000000000000000011
                7000000.000000000000000000000000000000011
                2314237.699557778891175985336303710937504
                1039864.348461625166237354278564453125002
               -3703035.266496164258569478988647460937506
               -1603315.390704467426985502243041992187503
                      0.000000000000000000000000000000000
                      0.000000000000000000000000000000000
                      0.127417480335380167710823684501520
                     -0.091845655570043788218370650611178
                      0.159720969010947150268364680414379
                      0.118420569209922860176575909463281
                      0.000000000000000000000000000000000
                      0.000000000000000000000000000000000
                7000000.000000000000000000000000000000011
                7000000.000000000000000000000000000000011
                7000000.000000000000000000000000000000011
                     -0.129131766244571954960207449403242
                      0.215800957423923162048495782983082
                     -0.012994702976409453626382983770782
                      0.188743829311866895270810573492781
                      0.000000000000000000000000000000000
                      0.000000000000000000000000000000000
                     -0.039075002720575784109779959862863
                     -0.265037348599620248279506995459087
                     -0.083478676226039022489899821266590
                      0.207605174825448657305315691701253
                      0.000000000000000000000000000000000
                      0.000000000000000000000000000000000
                7000000.000000000000000000000000000000011
                7000000.000000000000000000000000000000011
                7000000.000000000000000000000000000000011
                     -0.038838814837602431140339831472374
                     -0.107873256164383160560227281621337
                      0.061551427500780915569311702029154
                     -0.085839984539911665106792781898548
                      0.000000000000000000000000000000000
                      0.000000000000000000000000000000000
                      0.152108950840590895214887723341235
                      0.189127734114897555484091640209954
                      0.027428614541021825029565306408585
                     -0.033529650858417657521837185186087
                      0.000000000000000000000000000000000
                      0.000000000000000000000000000000000
                7000000.000000000000000000000000000000011
                7000000.000000000000000000000000000000011
                7000000.000000000000000000000000000000011
                      0.060886889163370226663030138070098
                     -0.119484725869022784250361723934475
                      0.068491657909887454502850800963643
                      0.478815377081325210806284076170414
                      0.000000000000000000000000000000000
                      0.000000000000000000000000000000000
                     -0.081928263462625550150875142207951
                     -0.101650524747650752854788436252420
                     -0.090576153206427034714209867161117
                      0.071658258472772143332640837343206
                      0.000000000000000000000000000000000
                      0.000000000000000000000000000000000
                7000000.000000000000000000000000000000011
                7000000.000000000000000000000000000000011
                7000000.000000000000000000000000000000011
                     -0.057777792106054201570763950712717
                      0.036523678568702144797697428657557
                     -0.201248411446789454704031641085749
                      0.140673428377419973411832643250818
                      0.000000000000000000000000000000000
                      0.000000000000000000000000000000000
                     -0.114983791056562256738260430211085
                      0.011756837751978757924953278291014
                      0.039481366832993552984376606218575
                      0.010767073206356848544262838629493
                      0.000000000000000000000000000000000
                      0.000000000000000000000000000000000
                7000000.000000000000000000000000000000011
                7000000.000000000000000000000000000000011
                7000000.000000000000000000000000000000011
                      0.082183480774423611769918807112845
                     -0.167640868469902504234170237396029
                     -0.039569974815472586104903029990965
                      0.202519295040029911891821257086121
                      0.000000000000000000000000000000000
                      0.000000000000000000000000000000000
                     -0.068048692275284761166176394908689
                      0.107830786012392668138382134657149
                      0.190184776178111386579772101868002
                      0.016946521879158668588694069967460
                      0.000000000000000000000000000000000
                      0.000000000000000000000000000000000
                7000000.000000000000000000000000000000011
                7000000.000000000000000000000000000000011
                7000000.000000000000000000000000000000011
                     -0.141743099423251500690312809638272
                      0.095800241441582473234106487325334
                      0.015909318717852501817722199461969
                     -0.152540234647611183671500612035743
                      0.000000000000000000000000000000000
                      0.000000000000000000000000000000000
                     -0.022132819156194565718420719235837
                      0.192784612841132019234180461353390
                     -0.081567950496921559633278775436338
                     -0.149662367810819929569987607465009
                      0.000000000000000000000000000000000
                      0.000000000000000000000000000000000
                7000000.000000000000000000000000000000011
                7000000.000000000000000000000000000000011
                7000000.000000000000000000000000000000011
             -173551374.915260821580886840820312500000008
          ***********************************************
              648762965.118293642997741699218750000000030
          ***********************************************
                      0.000000000000000000000000000000000
                      0.000000000000000000000000000000000
                     -0.044930441660612108201178216404514
                      0.004113414843770197074079852939121
                      0.065025002371722928629083071427885
                      0.329291182303840856970822414950817
                      0.000000000000000000000000000000000
                      0.000000000000000000000000000000000
                7000000.000000000000000000000000000000011
                7000000.000000000000000000000000000000011
                7000000.000000000000000000000000000000011
          ***********************************************
          -811923113809.074707031250000000000000000176360
          ***********************************************
          ***********************************************
                      0.000000000000000000000000000000000
                      0.000000000000000000000000000000000
                     -0.112428257570035522450169196417846
                     -0.001855643969555083056671707097962
                      0.189236315743708388703581135814602
                      0.015363693409934138164874006804439
                      0.000000000000000000000000000000000
                      0.000000000000000000000000000000000
                7000000.000000000000000000000000000000011
                7000000.000000000000000000000000000000011
                7000000.000000000000000000000000000000011
                      0.110738462080302885182092609284155
                      0.085652910558907252580596036750649
                      0.053854747721947190952640482919378
                      0.322262957140408812239940061772359
                      0.000000000000000000000000000000000
                      0.000000000000000000000000000000000
                 -66054.140670447275624610483646392822266
                 -21880.474162107202573679387569427490234
                -109916.956862497929250821471214294433594
                 -32294.523352299271209631115198135375977
                      0.000000000000000000000000000000000
                      0.000000000000000000000000000000000
                7000000.000000000000000000000000000000011
                7000000.000000000000000000000000000000011
                7000000.000000000000000000000000000000011
                      0.109015148597255154272467336795671
                     -0.036389141946400263560867927026266
                      0.114377790575020232832770261666155
                      0.144587787129743933212111528519017
                      0.000000000000000000000000000000000
                      0.000000000000000000000000000000000
                     -0.000469739911202956455030244065085
                      0.015336642484853620083118386219212
                      0.085222830248087494409148234808526
                      0.303092570998042820651363626893726
                      0.000000000000000000000000000000000
                      0.000000000000000000000000000000000
                7000000.000000000000000000000000000000011
                7000000.000000000000000000000000000000011
                7000000.000000000000000000000000000000011
                     -0.005409764014124593921317707412300
                     -0.293421617505025711380994835053571
                      0.038259709956166405853128509306771
                      0.259578981209401704610684191720793
                      0.000000000000000000000000000000000
                      0.000000000000000000000000000000000
                     -0.019153951603339304521345098919483
                      0.006063528631859304782181219195536
                      0.133260135296924042691557588113938
                      0.444659769280161931703787558944896
                      0.000000000000000000000000000000000
                      0.000000000000000000000000000000000
                7000000.000000000000000000000000000000011
                7000000.000000000000000000000000000000011
                7000000.000000000000000000000000000000011
                      0.037290926665531382022678030807583
                     -0.103651793532298711064676410842367
                      0.127151356734305415185914966968994
                      0.121549611988756897651420274542033
                      0.000000000000000000000000000000000
                      0.000000000000000000000000000000000
                      0.132100471144426551139972048076743
                      0.071713681055544820086566915051662
                      0.028531050539058973314343603533416
                      0.033491297539590250686991623751965
                      0.000000000000000000000000000000000
                      0.000000000000000000000000000000000
                7000000.000000000000000000000000000000011
                7000000.000000000000000000000000000000011
                7000000.000000000000000000000000000000011
                     -0.009948173519359735164635516468934
                     -0.177256807967182600238587042440486
                     -0.042952623474539465553423411847689
                      0.056791776595231102664484978959081
                      0.000000000000000000000000000000000
                      0.000000000000000000000000000000000
                      0.131413919502694404028986241428356
                      0.198791026669118298109140141605167
                      0.043908919588251091314923257868941
                     -0.065883720756027303044888299154991
                      0.000000000000000000000000000000000
                      0.000000000000000000000000000000000
                7000000.000000000000000000000000000000011
                7000000.000000000000000000000000000000011
                7000000.000000000000000000000000000000011
