 60.000000  0.024122
 60.015625  0.023688
 60.031250  0.024342
 60.046875  0.023752
 60.062500  0.023490
 60.078125  0.024921
 60.093750  0.046003
 60.109375  0.025856
 60.125000  0.025494
 60.140625  0.021619
 60.156250  0.026275
 60.171875  0.027191
 60.187500  0.029536
 60.203125  0.029490
 60.218750  0.028968
 60.234375  0.005696
 60.250000  0.046168
 60.265625  0.048213
 60.281250  0.052232
 60.296875  0.059660
 60.312500  0.071703
 60.328125  0.094316
 60.343750  0.104014
 60.359375  0.204098
 60.375000  1.000000
 60.390625  0.320288
 60.406250  0.128192
 60.421875  0.077645
 60.437500  0.053779
 60.453125  0.039421
 60.468750  0.025753
 60.484375  0.050782
