 60.000000  0.065359
 60.015625  0.047939
 60.031250  0.050873
 60.046875  0.050331
 60.062500  0.045369
 60.078125  0.064507
 60.093750  0.049011
 60.109375  0.050034
 60.125000  0.055518
 60.140625  0.057299
 60.156250  0.073045
 60.171875  0.088711
 60.187500  0.094690
 60.203125  0.123078
 60.218750  0.413266
 60.234375  0.108304
 60.250000  0.175356
 60.265625  0.291390
 60.281250  1.000000
 60.296875  0.764495
 60.312500  0.273909
 60.328125  0.163313
 60.343750  0.133421
 60.359375  0.153900
 60.375000  0.082493
 60.390625  0.066453
 60.406250  0.054248
 60.421875  0.094698
 60.437500  0.049987
 60.453125  0.046645
 60.468750  0.050106
 60.484375  0.044980
