           -0.034272816113186374553656321495509
            0.142510546700000018116583078153781
           -0.000534785946502663108066688568698
           -0.000019914486060000001184724927050
            0.000000000000000000000000000000000
            0.000000000000000000000000000000000
           -0.074539261765633357814664350371459
            0.142510546700000018116583078153781
           -0.093007020318075547815617198921245
           -0.000019914486060000001184724927050
            0.000000000000000000000000000000000
            0.000000000000000000000000000000000
      7000000.000000000000000000000000000000000
      7000000.000000000000000000000000000000000
      7000000.000000000000000000000000000000000
            0.045303059768906785154118921354893
            0.142510546700000018116583078153781
           -0.181804387834705316606687119929120
           -0.000019914486060000001184724927050
            0.000000000000000000000000000000000
            0.000000000000000000000000000000000
           -0.145617454655196792989713117094652
            0.142510546700000018116583078153781
           -0.081029016210233062444956431136234
           -0.000019914486060000001184724927050
            0.000000000000000000000000000000000
            0.000000000000000000000000000000000
      7000000.000000000000000000000000000000000
      7000000.000000000000000000000000000000000
      7000000.000000000000000000000000000000000
            0.205172196589413990963635114894714
            0.142510546700000018116583078153781
           -0.035290342722263522146075587215819
           -0.000019914486060000001184724927050
            0.000000000000000000000000000000000
            0.000000000000000000000000000000000
            0.050627698212838849467498647527464
            0.142510546700000018116583078153781
            0.099205560086786895301891320286813
           -0.000019914486060000001184724927050
            0.000000000000000000000000000000000
            0.000000000000000000000000000000000
      7000000.000000000000000000000000000000000
      7000000.000000000000000000000000000000000
      7000000.000000000000000000000000000000000
           -0.167308629112931039895073581647011
            0.142510546700000018116583078153781
           -0.092593424573549062972510625968425
           -0.000019914486060000001184724927050
            0.000000000000000000000000000000000
            0.000000000000000000000000000000000
            0.015348837228485900929797480785055
            0.142510546700000018116583078153781
            0.230810029787228754294403643143596
           -0.000019914486060000001184724927050
            0.000000000000000000000000000000000
            0.000000000000000000000000000000000
      7000000.000000000000000000000000000000000
      7000000.000000000000000000000000000000000
      7000000.000000000000000000000000000000000
           -0.023184867014832029330495544172663
            0.142510546700000018116583078153781
           -0.227610364223798239402540843911993
           -0.000019914486060000001184724927050
            0.000000000000000000000000000000000
            0.000000000000000000000000000000000
           -0.113117823206774076316705190947687
            0.142510546700000018116583078153781
            0.101012045991326834815104973586131
           -0.000019914486060000001184724927050
            0.000000000000000000000000000000000
            0.000000000000000000000000000000000
      7000000.000000000000000000000000000000000
      7000000.000000000000000000000000000000000
      7000000.000000000000000000000000000000000
            0.122309568497158210886865958855196
            0.142510546700000018116583078153781
           -0.180648278032164405493276149172743
           -0.000019914486060000001184724927050
            0.000000000000000000000000000000000
            0.000000000000000000000000000000000
           -0.009451898528534834198477909694702
            0.142510546700000018116583078153781
            0.026261060179931534214192723197812
           -0.000019914486060000001184724927050
            0.000000000000000000000000000000000
            0.000000000000000000000000000000000
      7000000.000000000000000000000000000000000
      7000000.000000000000000000000000000000000
      7000000.000000000000000000000000000000000
            0.198917824225372630309038868290372
            0.142510546700000018116583078153781
           -0.075568894778172981951946951539867
           -0.000019914486060000001184724927050
            0.000000000000000000000000000000000
            0.000000000000000000000000000000000
           -0.061410511543684008495258552784435
            0.142510546700000018116583078153781
           -0.224299773867003837679590105835814
           -0.000019914486060000001184724927050
            0.000000000000000000000000000000000
            0.000000000000000000000000000000000
      7000000.000000000000000000000000000000000
      7000000.000000000000000000000000000000000
      7000000.000000000000000000000000000000000
            0.104755805908707880225172459631722
            0.142510546700000018116583078153781
           -0.003122794940215735046140643760282
           -0.000019914486060000001184724927050
            0.000000000000000000000000000000000
            0.000000000000000000000000000000000
            0.009748606792803539769498577527429
            0.142510546700000018116583078153781
           -0.091160321065248892113963563588186
           -0.000019914486060000001184724927050
            0.000000000000000000000000000000000
            0.000000000000000000000000000000000
      7000000.000000000000000000000000000000000
      7000000.000000000000000000000000000000000
      7000000.000000000000000000000000000000000
            0.111945343606769984190485445196828
            0.142510546700000018116583078153781
            0.192081713200620479709002097479242
           -0.000019914486060000001184724927050
            0.000000000000000000000000000000000
            0.000000000000000000000000000000000
            0.193745984173937652039754198085575
            0.142510546700000018116583078153781
           -0.065846881878998342330078230588697
           -0.000019914486060000001184724927050
            0.000000000000000000000000000000000
            0.000000000000000000000000000000000
      7000000.000000000000000000000000000000000
      7000000.000000000000000000000000000000000
      7000000.000000000000000000000000000000000
           -0.095338060402853613828355605619436
            0.142510546700000018116583078153781
           -0.169736142297296555003782714265981
           -0.000019914486060000001184724927050
            0.000000000000000000000000000000000
            0.000000000000000000000000000000000
            0.034928876381398958617108263524642
            0.142510546700000018116583078153781
           -0.111759825834550768908215445662790
           -0.000019914486060000001184724927050
            0.000000000000000000000000000000000
            0.000000000000000000000000000000000
      7000000.000000000000000000000000000000000
      7000000.000000000000000000000000000000000
      7000000.000000000000000000000000000000000
           -0.069280801087420143535844374582666
            0.142510546700000018116583078153781
            0.066070195913254567421368790292036
           -0.000019914486060000001184724927050
            0.000000000000000000000000000000000
            0.000000000000000000000000000000000
            0.118768720543393449529112615437043
            0.142510546700000018116583078153781
            0.009258996871236588321885108143761
           -0.000019914486060000001184724927050
            0.000000000000000000000000000000000
            0.000000000000000000000000000000000
      7000000.000000000000000000000000000000000
      7000000.000000000000000000000000000000000
      7000000.000000000000000000000000000000000
           -0.015322964773475890656873055206688
            0.142510546700000018116583078153781
            0.213545236519933262497872306084901
           -0.000019914486060000001184724927050
            0.000000000000000000000000000000000
            0.000000000000000000000000000000000
            0.214204352920244478486466732647386
            0.142510546700000018116583078153781
           -0.038444860636548151833213893269203
           -0.000019914486060000001184724927050
            0.000000000000000000000000000000000
            0.000000000000000000000000000000000
      7000000.000000000000000000000000000000000
      7000000.000000000000000000000000000000000
      7000000.000000000000000000000000000000000
           -0.035863350961563927876696311614069
            0.142510546700000018116583078153781
           -0.201875310281232067666223883861676
           -0.000019914486060000001184724927050
            0.000000000000000000000000000000000
            0.000000000000000000000000000000000
           -0.024592996732051744523950276288815
            0.142510546700000018116583078153781
           -0.007279232624169447961326451235209
           -0.000019914486060000001184724927050
            0.000000000000000000000000000000000
            0.000000000000000000000000000000000
      7000000.000000000000000000000000000000000
      7000000.000000000000000000000000000000000
      7000000.000000000000000000000000000000000
            0.165262172565724368977768676813866
            0.142510546700000018116583078153781
            0.129600947416614903362486188598268
           -0.000019914486060000001184724927050
            0.000000000000000000000000000000000
            0.000000000000000000000000000000000
            0.117828575442870897571623345356784
            0.142510546700000018116583078153781
            0.073761919451467650166165412883856
           -0.000019914486060000001184724927050
            0.000000000000000000000000000000000
            0.000000000000000000000000000000000
      7000000.000000000000000000000000000000000
      7000000.000000000000000000000000000000000
      7000000.000000000000000000000000000000000
           -0.080282016352259122360379706151434
            0.142510546700000018116583078153781
            0.131002772299216752038830691162730
           -0.000019914486060000001184724927050
            0.000000000000000000000000000000000
            0.000000000000000000000000000000000
           -0.026688361850462572616438094996738
            0.142510546700000018116583078153781
           -0.228828673252115005753992704740085
           -0.000019914486060000001184724927050
            0.000000000000000000000000000000000
            0.000000000000000000000000000000000
      7000000.000000000000000000000000000000000
      7000000.000000000000000000000000000000000
      7000000.000000000000000000000000000000000
            0.026614375292313578735825529975045
            0.142510546700000018116583078153781
            0.031344601104571261085407485325049
           -0.000019914486060000001184724927050
            0.000000000000000000000000000000000
            0.000000000000000000000000000000000
            0.217289001724854158315025642878027
            0.142510546700000018116583078153781
            0.053843905149878017180054001755707
           -0.000019914486060000001184724927050
            0.000000000000000000000000000000000
            0.000000000000000000000000000000000
      7000000.000000000000000000000000000000000
      7000000.000000000000000000000000000000000
      7000000.000000000000000000000000000000000
            0.127429737587678421073533741036954
            0.142510546700000018116583078153781
           -0.150706442516090610705958852122421
           -0.000019914486060000001184724927050
            0.000000000000000000000000000000000
            0.000000000000000000000000000000000
            0.192911576937141199250547174415260
            0.142510546700000018116583078153781
            0.012442523754528254584239554958458
           -0.000019914486060000001184724927050
            0.000000000000000000000000000000000
            0.000000000000000000000000000000000
      7000000.000000000000000000000000000000000
      7000000.000000000000000000000000000000000
      7000000.000000000000000000000000000000000
           -0.028361913623217098467943486639342
            0.142510546700000018116583078153781
            0.009443331474049911425372449969018
           -0.000019914486060000001184724927050
            0.000000000000000000000000000000000
            0.000000000000000000000000000000000
           -0.077464842985675477771145835959032
            0.142510546700000018116583078153781
           -0.147440944551790659167167518717179
           -0.000019914486060000001184724927050
            0.000000000000000000000000000000000
            0.000000000000000000000000000000000
      7000000.000000000000000000000000000000000
      7000000.000000000000000000000000000000000
      7000000.000000000000000000000000000000000
            0.101424922161315184121477273038181
            0.142510546700000018116583078153781
            0.025185762492484050495411551651159
           -0.000019914486060000001184724927050
            0.000000000000000000000000000000000
            0.000000000000000000000000000000000
            0.160447003018049372258246876299381
            0.142510546700000018116583078153781
           -0.139722211806577095716264125258022
           -0.000019914486060000001184724927050
            0.000000000000000000000000000000000
            0.000000000000000000000000000000000
      7000000.000000000000000000000000000000000
      7000000.000000000000000000000000000000000
      7000000.000000000000000000000000000000000
            0.117250385144954519245352742018440
            0.142510546700000018116583078153781
           -0.046090603053310488790295096350746
           -0.000019914486060000001184724927050
            0.000000000000000000000000000000000
            0.000000000000000000000000000000000
           -0.100185190455627654015913208240818
            0.142510546700000018116583078153781
           -0.006469308698912313443374344501535
           -0.000019914486060000001184724927050
            0.000000000000000000000000000000000
            0.000000000000000000000000000000000
      7000000.000000000000000000000000000000000
      7000000.000000000000000000000000000000000
      7000000.000000000000000000000000000000000
           -0.184093553882624993978112115655676
            0.142510546700000018116583078153781
           -0.133290964236215142557639978804218
           -0.000019914486060000001184724927050
            0.000000000000000000000000000000000
            0.000000000000000000000000000000000
           -0.041253112120190747746928394690258
            0.142510546700000018116583078153781
            0.134829141937462204658970676973695
           -0.000019914486060000001184724927050
            0.000000000000000000000000000000000
            0.000000000000000000000000000000000
      7000000.000000000000000000000000000000000
      7000000.000000000000000000000000000000000
      7000000.000000000000000000000000000000000
           -0.106369877514406671603630627487291
            0.142510546700000018116583078153781
           -0.057005761884036991460344978577268
           -0.000019914486060000001184724927050
            0.000000000000000000000000000000000
            0.000000000000000000000000000000000
           -0.066816743282479731935730171699106
            0.142510546700000018116583078153781
           -0.218149683932218091397814418996859
           -0.000019914486060000001184724927050
            0.000000000000000000000000000000000
            0.000000000000000000000000000000000
      7000000.000000000000000000000000000000000
      7000000.000000000000000000000000000000000
      7000000.000000000000000000000000000000000
            0.044743067413507989216192584081000
            0.142510546700000018116583078153781
            0.200616165909605487227551634532574
           -0.000019914486060000001184724927050
            0.000000000000000000000000000000000
            0.000000000000000000000000000000000
           -0.036395990323220571427409453235668
            0.142510546700000018116583078153781
            0.076179169731410728561016298954200
           -0.000019914486060000001184724927050
            0.000000000000000000000000000000000
            0.000000000000000000000000000000000
      7000000.000000000000000000000000000000000
      7000000.000000000000000000000000000000000
      7000000.000000000000000000000000000000000
           -0.138657856947696944693859677499859
            0.142510546700000018116583078153781
           -0.073534792241226873410475661785313
           -0.000019914486060000001184724927050
            0.000000000000000000000000000000000
            0.000000000000000000000000000000000
            0.114837308061264534164713779773592
            0.142510546700000018116583078153781
            0.174372499347996923191317364398856
           -0.000019914486060000001184724927050
            0.000000000000000000000000000000000
            0.000000000000000000000000000000000
      7000000.000000000000000000000000000000000
      7000000.000000000000000000000000000000000
      7000000.000000000000000000000000000000000
            0.018863628861763168109710875341989
            0.142510546700000018116583078153781
            0.129455149446359774056958258370287
           -0.000019914486060000001184724927050
            0.000000000000000000000000000000000
            0.000000000000000000000000000000000
            0.018669885838635318087153081023644
            0.142510546700000018116583078153781
            0.202885350727569913065195805756957
           -0.000019914486060000001184724927050
            0.000000000000000000000000000000000
            0.000000000000000000000000000000000
      7000000.000000000000000000000000000000000
      7000000.000000000000000000000000000000000
      7000000.000000000000000000000000000000000
           -0.123927330452167500096649632723711
            0.142510546700000018116583078153781
            0.038710055478789154315144571683049
           -0.000019914486060000001184724927050
            0.000000000000000000000000000000000
            0.000000000000000000000000000000000
            0.101229094539743713632162780413637
            0.142510546700000018116583078153781
           -0.002646650910242568342789493129885
           -0.000019914486060000001184724927050
            0.000000000000000000000000000000000
            0.000000000000000000000000000000000
      7000000.000000000000000000000000000000000
      7000000.000000000000000000000000000000000
      7000000.000000000000000000000000000000000
            0.054599123064862899179505717484062
            0.142510546700000018116583078153781
            0.064534731092979358280103951983619
           -0.000019914486060000001184724927050
            0.000000000000000000000000000000000
            0.000000000000000000000000000000000
            0.215468819250022119993204228194372
            0.142510546700000018116583078153781
           -0.043028663435932382186344113961241
           -0.000019914486060000001184724927050
            0.000000000000000000000000000000000
            0.000000000000000000000000000000000
      7000000.000000000000000000000000000000000
      7000000.000000000000000000000000000000000
      7000000.000000000000000000000000000000000
           -0.125575232958331700627852001161955
            0.142510546700000018116583078153781
           -0.169145741244600217312310519446328
           -0.000019914486060000001184724927050
            0.000000000000000000000000000000000
            0.000000000000000000000000000000000
           -0.179911506647878582931809887668351
            0.142510546700000018116583078153781
            0.075222955355748244432589899588493
           -0.000019914486060000001184724927050
            0.000000000000000000000000000000000
            0.000000000000000000000000000000000
      7000000.000000000000000000000000000000000
      7000000.000000000000000000000000000000000
      7000000.000000000000000000000000000000000
           -0.175640529924032340325368295452790
            0.142510546700000018116583078153781
           -0.039269085623934378570520919993214
           -0.000019914486060000001184724927050
            0.000000000000000000000000000000000
            0.000000000000000000000000000000000
           -0.129822012679404463764143429216347
            0.142510546700000018116583078153781
           -0.020857493805654402085902887620250
           -0.000019914486060000001184724927050
            0.000000000000000000000000000000000
            0.000000000000000000000000000000000
      7000000.000000000000000000000000000000000
      7000000.000000000000000000000000000000000
      7000000.000000000000000000000000000000000
            0.173258711087079797508181400189642
            0.142510546700000018116583078153781
            0.037502666434644699178235782710544
           -0.000019914486060000001184724927050
            0.000000000000000000000000000000000
            0.000000000000000000000000000000000
            0.126071081247255217805403049169399
            0.142510546700000018116583078153781
           -0.054193723083729120060247907986195
           -0.000019914486060000001184724927050
            0.000000000000000000000000000000000
            0.000000000000000000000000000000000
      7000000.000000000000000000000000000000000
      7000000.000000000000000000000000000000000
      7000000.000000000000000000000000000000000
