 62.000000  0.054039
 62.015625  0.048865
 62.031250  0.040597
 62.046875  0.048061
 62.062500  0.050575
 62.078125  0.053147
 62.093750  0.053525
 62.109375  0.051864
 62.125000  0.057052
 62.140625  0.065273
 62.156250  0.047010
 62.171875  0.069840
 62.187500  0.077527
 62.203125  0.087919
 62.218750  0.119834
 62.234375  0.120700
 62.250000  0.186515
 62.265625  0.308563
 62.281250  1.000000
 62.296875  0.763601
 62.312500  0.268968
 62.328125  0.160633
 62.343750  0.130623
 62.359375  0.096406
 62.375000  0.076763
 62.390625  0.062126
 62.406250  0.058571
 62.421875  0.093410
 62.437500  0.037797
 62.453125  0.031487
 62.468750  0.039173
 62.484375  0.040312
