                      0.033256711493438347038154034862600
                      0.126346655239645527801783941868052
                      0.000944438479073605357053122766331
                     -0.004232990288799579579881449120649
                      0.000000000000000000000000000000000
                      0.000000000000000000000000000000000
                      0.037073930798125771801654337878063
                      0.027923305023115047029946822476631
                     -0.072438586539741237069200963105686
                     -0.105004742197754200039305771952058
                      0.000000000000000000000000000000000
                      0.000000000000000000000000000000000
                7000000.000000000000000000000000000000011
                7000000.000000000000000000000000000000011
                7000000.000000000000000000000000000000011
                      0.045262376536936085869022861061239
                      0.289529111676680606102252113487339
                      0.096621193566885421599721439633868
                     -0.201269487749314385238719182780187
                      0.000000000000000000000000000000000
                      0.000000000000000000000000000000000
                      0.126457266057575457018913311912911
                      0.056706468678401386607212941726175
                      0.044895595337988619677460633283772
                     -0.111559148834352833690175543779333
                      0.000000000000000000000000000000000
                      0.000000000000000000000000000000000
                7000000.000000000000000000000000000000011
                7000000.000000000000000000000000000000011
                7000000.000000000000000000000000000000011
                     -0.196544792966975190307010734613868
                      0.101927712265473507935453767458966
                      0.033532906660843159185603212790738
                      0.034006748384369719917508234630077
                      0.000000000000000000000000000000000
                      0.000000000000000000000000000000000
                      0.044305588144257945781845364763285
                      0.083337640821223371578874150600313
                      0.059693359538902930616632858118464
                      0.136063234850306608025860555244435
                      0.000000000000000000000000000000000
                      0.000000000000000000000000000000000
                7000000.000000000000000000000000000000011
                7000000.000000000000000000000000000000011
                7000000.000000000000000000000000000000011
                     -0.133873691993259186228115709127451
                      0.420419460502091169029625916664372
                      0.056332419746229316082075655458539
                     -0.151997995757658099780229576936108
                      0.000000000000000000000000000000000
                      0.000000000000000000000000000000000
                 -14960.298485591451026266440749168395996
                 -12503.880606540320513886399567127227783
                 299893.933338746777735650539398193359375
                 248640.984424137684982270002365112304688
                      0.000000000000000000000000000000000
                      0.000000000000000000000000000000000
                7000000.000000000000000000000000000000011
                7000000.000000000000000000000000000000011
                7000000.000000000000000000000000000000011
                      0.028353631137837405351564967759259
                      0.161659763859934219043523739856028
                     -0.062983562829506109514987599595770
                      0.384475108731895609537332347827032
                      0.000000000000000000000000000000000
                      0.000000000000000000000000000000000
                      0.042140069525591065946468205538622
                     -0.052289681137785620768099192900991
                     -0.095145719084227295403444202293031
                     -0.028942314357191783330547352193207
                      0.000000000000000000000000000000000
                      0.000000000000000000000000000000000
                7000000.000000000000000000000000000000011
                7000000.000000000000000000000000000000011
                7000000.000000000000000000000000000000011
                     -0.153988540061336720565776658986579
                      0.265053762127742065235480595219997
                     -0.104791091238256958706465127306728
                     -0.155413466839081665371580243117933
                      0.000000000000000000000000000000000
                      0.000000000000000000000000000000000
                      0.007958549738076024435140531920752
                      0.151383865091970687410949381046521
                     -0.019048162049560803804615360945718
                     -0.032586411287333395814247438693201
                      0.000000000000000000000000000000000
                      0.000000000000000000000000000000000
                7000000.000000000000000000000000000000011
                7000000.000000000000000000000000000000011
                7000000.000000000000000000000000000000011
                      0.013915648622795095956661270975019
                     -0.228558400183528409588262775287149
                     -0.024849861661332038609284467156613
                      0.121712807774852577180624280117627
                      0.000000000000000000000000000000000
                      0.000000000000000000000000000000000
                 494646.412655865424312651157379150390625
                 163700.806271224253578111529350280761719
                -148647.474518128787167370319366455078125
                 -43755.494404939410742372274398803710938
                      0.000000000000000000000000000000000
                      0.000000000000000000000000000000000
                7000000.000000000000000000000000000000011
                7000000.000000000000000000000000000000011
                7000000.000000000000000000000000000000011
                      0.033449745026451961626978715003133
                     -0.036084689394627195158093968530011
                      0.014909530096541768334761357550633
                     -0.024233236426080127789983720276723
                      0.000000000000000000000000000000000
                      0.000000000000000000000000000000000
                     -0.008154347887253138305041488820279
                      0.141965879908311831680833847713075
                      0.083894357197669383596760894761246
                      0.058605721861253776139299986880360
                      0.000000000000000000000000000000000
                      0.000000000000000000000000000000000
                7000000.000000000000000000000000000000011
                7000000.000000000000000000000000000000011
                7000000.000000000000000000000000000000011
                 -61869.587393387955671641975641250610352
                 -41521.369158499779587145894765853881836
                 -61721.780831427829980384558439254760742
                 -42716.828866104588087182492017745971680
                      0.000000000000000000000000000000000
                      0.000000000000000000000000000000000
                      0.196582332325678260653845086380898
                      0.132667101123779079818731929663045
                     -0.051376973557445172746671602226343
                     -0.035406730310463950528454546429202
                      0.000000000000000000000000000000000
                      0.000000000000000000000000000000000
                7000000.000000000000000000000000000000011
                7000000.000000000000000000000000000000011
                7000000.000000000000000000000000000000011
                     -0.035303707137908701962913937677513
                     -0.059107806739646509552876807447319
                     -0.071256240349206800832604358220124
                      0.223465137771037686276187628209300
                      0.000000000000000000000000000000000
                      0.000000000000000000000000000000000
                      0.027150572823422310791974254584602
                      0.110075974524600092574466714268056
                      0.109330803610142038295727218155662
                      0.038676070302159110125828078707855
                      0.000000000000000000000000000000000
                      0.000000000000000000000000000000000
                7000000.000000000000000000000000000000011
                7000000.000000000000000000000000000000011
                7000000.000000000000000000000000000000011
                      0.002260920910240608178165544472904
                      0.266057520828330063000777272463893
                      0.065296715330286997369668711144186
                      0.049549908765421861456257346389975
                      0.000000000000000000000000000000000
                      0.000000000000000000000000000000000
                      0.042976211645619190326872427476701
                      0.339512140896993164229655803865171
                     -0.006794646194273134577612527351675
                      0.048362968997774653800991728758163
                      0.000000000000000000000000000000000
                      0.000000000000000000000000000000000
                7000000.000000000000000000000000000000011
                7000000.000000000000000000000000000000011
                7000000.000000000000000000000000000000011
                     -0.022418058765663974318815832020846
                      0.174618718657186505760492423178221
                      0.203163630586959881307862474386638
                     -0.068852918588048497849918305746542
                      0.000000000000000000000000000000000
                      0.000000000000000000000000000000000
                      0.154084844698689493736054600958596
                      0.421393966171980050017253915939364
                     -0.025235962716856942533727448108039
                     -0.064577961068837660962849156476295
                      0.000000000000000000000000000000000
                      0.000000000000000000000000000000000
                7000000.000000000000000000000000000000011
                7000000.000000000000000000000000000000011
                7000000.000000000000000000000000000000011
                      0.038486605103250984272200696523214
                      0.148278844903382556186244300988619
                     -0.201760531291285266641821749544761
                      0.131251731510073466058230451380950
                      0.000000000000000000000000000000000
                      0.000000000000000000000000000000000
                      0.010949642074807561936689026538261
                      0.182733722830007105919492005341453
                     -0.003312875856645809691247706041395
                      0.009653735955422359377164909233215
                      0.000000000000000000000000000000000
                      0.000000000000000000000000000000000
                7000000.000000000000000000000000000000011
                7000000.000000000000000000000000000000011
                7000000.000000000000000000000000000000011
                     -0.104666010594072267370080453474657
                      0.339010581522832366019315486482810
                      0.010746480128731465686353629962468
                      0.200339089724006796933153395912086
                      0.000000000000000000000000000000000
                      0.000000000000000000000000000000000
                      0.002221731329149970526892765576576
                     -0.080633677475898266062692698596948
                     -0.052417696196786565943082081275861
                     -0.065122135177345857881547885881446
                      0.000000000000000000000000000000000
                      0.000000000000000000000000000000000
                7000000.000000000000000000000000000000011
                7000000.000000000000000000000000000000011
                7000000.000000000000000000000000000000011
                      0.050361145893435259324188990603943
                      0.259909631461457069079301618330646
                     -0.135419321969845546371757905035338
                      0.038469953004800182261302410324788
                      0.000000000000000000000000000000000
                      0.000000000000000000000000000000000
                      0.043255372822851780034714153089226
                      0.244478873108147642945198185771005
                     -0.109996568405790723366166616870032
                     -0.256735787183430208546752737674979
                      0.000000000000000000000000000000000
                      0.000000000000000000000000000000000
                7000000.000000000000000000000000000000011
                7000000.000000000000000000000000000000011
                7000000.000000000000000000000000000000011
                      0.008297598157943668339964204960779
                      0.093603947410002427687025772229390
                      0.030229117869292707054817981315864
                      0.000056065685238469020875914927693
                      0.000000000000000000000000000000000
                      0.000000000000000000000000000000000
                      0.254629747536505912641757731762482
                      0.300759601902298223663478893286083
                      0.051821271420959984232990080954551
                      0.105722836495916322485655314267206
                      0.000000000000000000000000000000000
                      0.000000000000000000000000000000000
                7000000.000000000000000000000000000000011
                7000000.000000000000000000000000000000011
                7000000.000000000000000000000000000000011
                     -0.036994415423745347082373768898833
                      0.339808083522284753996700601419434
                      0.087979597807154863442491432579118
                      0.261551537146659740518117587271263
                      0.000000000000000000000000000000000
                      0.000000000000000000000000000000000
                     -0.097351161359396504169083641500038
                     -0.227527884111610595452290795037698
                     -0.012569333024891528316491218220108
                     -0.131942516037314772070487833843799
                      0.000000000000000000000000000000000
                      0.000000000000000000000000000000000
                7000000.000000000000000000000000000000011
                7000000.000000000000000000000000000000011
                7000000.000000000000000000000000000000011
                      0.012492265277887250329857948827339
                      0.096984701702235220910353064027731
                      0.006244274097277228117996994427585
                     -0.015289801292545462246819099050299
                      0.000000000000000000000000000000000
                      0.000000000000000000000000000000000
                      0.022761050495167474416735586828509
                      0.235399871862243065256947716079594
                      0.146753227552587073301282316606375
                     -0.028427596155210239914357117640975
                      0.000000000000000000000000000000000
                      0.000000000000000000000000000000000
                7000000.000000000000000000000000000000011
                7000000.000000000000000000000000000000011
                7000000.000000000000000000000000000000011
                     -0.094308399579837359771872229430301
                      0.214953485717238879093571313205757
                     -0.023409687288124213927487105024738
                      0.022255919552602140137897990257443
                      0.000000000000000000000000000000000
                      0.000000000000000000000000000000000
                      0.045818069912279581201719480532120
                      0.370225735705245972972932122502243
                     -0.134347624428837825183435938924958
                      0.091449968995213723466086719326995
                      0.000000000000000000000000000000000
                      0.000000000000000000000000000000000
                7000000.000000000000000000000000000000011
                7000000.000000000000000000000000000000011
                7000000.000000000000000000000000000000011
                     -0.073568248327951890619402774973423
                      0.320978931594183669595565788767999
                      0.025485378723462338151906081407105
                     -0.017676153653929167763880769825846
                      0.000000000000000000000000000000000
                      0.000000000000000000000000000000000
                     -0.099641929279180030398777034861268
                      0.163443809504394299558782677195268
                     -0.007179170947230565161256699013848
                      0.000230298220094028054973078756262
                      0.000000000000000000000000000000000
                      0.000000000000000000000000000000000
                7000000.000000000000000000000000000000011
                7000000.000000000000000000000000000000011
                7000000.000000000000000000000000000000011
                   1640.390719483641532860929146409034729
                   1248.230233531441172090126201510429382
                    447.898210179170121136849047616124153
                    412.864245726194553753884974867105484
                      0.000000000000000000000000000000000
                      0.000000000000000000000000000000000
                      0.003428908541065876607045748158953
                      0.213428864437169074630418208471383
                      0.089201282837071474429713191511837
                     -0.181062854064820144550651548343012
                      0.000000000000000000000000000000000
                      0.000000000000000000000000000000000
                7000000.000000000000000000000000000000011
                7000000.000000000000000000000000000000011
                7000000.000000000000000000000000000000011
                      0.024716968631389717170332431805946
                     -0.044281082343246999655228535175411
                     -0.014445455595870803494618073159472
                     -0.103045905127733053441296817709372
                      0.000000000000000000000000000000000
                      0.000000000000000000000000000000000
                 268922.875181684910785406827926635742188
                 234986.961164315172936767339706420898438
                -885612.903415697626769542694091796875001
                -774051.576473385794088244438171386718751
                      0.000000000000000000000000000000000
                      0.000000000000000000000000000000000
                7000000.000000000000000000000000000000011
                7000000.000000000000000000000000000000011
                7000000.000000000000000000000000000000011
                     -0.025416306042393317643490746604584
                      0.165459591924900561998867942747893
                      0.184232723274324938778079285839340
                     -0.155213781991887400657503803813597
                      0.000000000000000000000000000000000
                      0.000000000000000000000000000000000
                     -0.037426061095827314884054715093953
                      0.128064413129017534709319647845405
                      0.011740359139524945975008307641474
                     -0.131452232404970614787487193098059
                      0.000000000000000000000000000000000
                      0.000000000000000000000000000000000
                7000000.000000000000000000000000000000011
                7000000.000000000000000000000000000000011
                7000000.000000000000000000000000000000011
                      0.132023593411259271279689642142330
                      0.009352695849638388569946556572177
                      0.007007928058148051551901058786598
                     -0.052468345597092277965423079422180
                      0.000000000000000000000000000000000
                      0.000000000000000000000000000000000
                     -0.006464168940095213651553240907788
                      0.311177110850984428580545682052616
                      0.075577112200241658435118097258965
                     -0.306301506947585566731362405334949
                      0.000000000000000000000000000000000
                      0.000000000000000000000000000000000
                7000000.000000000000000000000000000000011
                7000000.000000000000000000000000000000011
                7000000.000000000000000000000000000000011
                     -0.021363585032808940500359540237696
                      0.133615123818763087415462109674991
                     -0.022368715897315587237681455690108
                     -0.213499042301412755850975599969388
                      0.000000000000000000000000000000000
                      0.000000000000000000000000000000000
                     -0.040021050127105557703277582959345
                      0.256037841247933384281054713937920
                      0.123563183744749033321497222459584
                     -0.302748303913089156225169062963687
                      0.000000000000000000000000000000000
                      0.000000000000000000000000000000000
                7000000.000000000000000000000000000000011
                7000000.000000000000000000000000000000011
                7000000.000000000000000000000000000000011
                      0.048931380208355551575394315477752
                      0.350391145712568408132625563666807
                     -0.011062647517130839991406077160718
                     -0.057378283448363584517970537035580
                      0.000000000000000000000000000000000
                      0.000000000000000000000000000000000
                      0.016805983589162503538672055469760
                     -0.034992432458526609440063737110904
                      0.009820638865858653462903582465060
                     -0.039836103184333726545673926011659
                      0.000000000000000000000000000000000
                      0.000000000000000000000000000000000
                7000000.000000000000000000000000000000011
                7000000.000000000000000000000000000000011
                7000000.000000000000000000000000000000011
                     -0.045478879404265648567218249809230
                      0.197165132420482697162000818025263
                      0.036694138277860374741656812602741
                      0.090314263360806570912764357217384
                      0.000000000000000000000000000000000
                      0.000000000000000000000000000000000
                      0.141532475919915218254274691389583
                      0.442664994559315794209197747477447
                     -0.032386668907509248704901239079845
                     -0.077846611431699297423136840734514
                      0.000000000000000000000000000000000
                      0.000000000000000000000000000000000
                7000000.000000000000000000000000000000011
                7000000.000000000000000000000000000000011
                7000000.000000000000000000000000000000011
                      0.090374507491644412437992173181556
                      0.200541601418366272069349065532151
                      0.007018208522454164738357818009717
                     -0.243100990439552633315400953506469
                      0.000000000000000000000000000000000
                      0.000000000000000000000000000000000
                      0.097294428788959483322962285001267
                     -0.190953222493781632485010391064861
                     -0.018843180122616300098403741003494
                      0.013615181371514850638959615025669
                      0.000000000000000000000000000000000
                      0.000000000000000000000000000000000
                7000000.000000000000000000000000000000011
                7000000.000000000000000000000000000000011
                7000000.000000000000000000000000000000011
                      0.021956644385075985842492585220498
                      0.435185996312686562692562119991635
                      0.019257458366270699401390231741971
                      0.113798741063912522974987950874493
                      0.000000000000000000000000000000000
                      0.000000000000000000000000000000000
                      0.016450856520698931700907863273642
                     -0.070357556358862802237119637993601
                     -0.006307584309306004180517568613595
                     -0.110193921895242810671255995202955
                      0.000000000000000000000000000000000
                      0.000000000000000000000000000000000
                7000000.000000000000000000000000000000011
                7000000.000000000000000000000000000000011
                7000000.000000000000000000000000000000011
                     -0.138939153397083681173995728386217
                      0.004778678372189404041647797782844
                     -0.061269698226013455388816453250911
                     -0.044485381629165043904095000470988
                      0.000000000000000000000000000000000
                      0.000000000000000000000000000000000
                     -0.127088183408608529356698113588209
                      0.130512382627896994513605477550300
                      0.032098467194925872636446229080320
                      0.032287988502853234851208696909453
                      0.000000000000000000000000000000000
                      0.000000000000000000000000000000000
                7000000.000000000000000000000000000000011
                7000000.000000000000000000000000000000011
                7000000.000000000000000000000000000000011
                     -0.030068322700090858307087060552476
                      0.172225572701890677906888527104456
                      0.001030196980739703357596304122978
                      0.001208062440568812099389583991638
                      0.000000000000000000000000000000000
                      0.000000000000000000000000000000000
                      0.035611221957987791719713044358286
                      0.258942736924325622727138807022129
                     -0.062121945696672890846468106929024
                     -0.118652405351269737976416251967748
                      0.000000000000000000000000000000000
                      0.000000000000000000000000000000000
                7000000.000000000000000000000000000000011
                7000000.000000000000000000000000000000011
                7000000.000000000000000000000000000000011
                      0.052104233228725552184990021942212
                     -0.060285047646796985354455955530284
                      0.085015244520552243900901601136866
                     -0.268091757714954193048129127419088
                      0.000000000000000000000000000000000
                      0.000000000000000000000000000000000
                     -0.001338962388252758466816727533910
                     -0.148954562037905857696529210443259
                     -0.009310327013015843797272275139676
                      0.032146749080657052721754496360518
                      0.000000000000000000000000000000000
                      0.000000000000000000000000000000000
                7000000.000000000000000000000000000000011
                7000000.000000000000000000000000000000011
                7000000.000000000000000000000000000000011
                      0.195071949865104066201837440530653
                      0.294630219206897303596548454152071
                     -0.054355600831825688634690862954812
                     -0.073953833113486661110513864514360
                      0.000000000000000000000000000000000
                      0.000000000000000000000000000000000
                      0.019167516065094852145689330313871
                      0.048709351269100024939273652080374
                     -0.009078432239904683787035111208752
                      0.175772799483662645059212081832811
                      0.000000000000000000000000000000000
                      0.000000000000000000000000000000000
                7000000.000000000000000000000000000000011
                7000000.000000000000000000000000000000011
                7000000.000000000000000000000000000000011
                   1036.569996659281287065823562443256378
                    663.833747593545581366925034672021866
                  -1422.784919836707786089391447603702545
                   -783.495782030168015808158088475465775
                      0.000000000000000000000000000000000
                      0.000000000000000000000000000000000
                 -14960.298485591451026266440749168395996
                 -12503.880606540320513886399567127227783
                 299893.933338746777735650539398193359375
                 248640.984424137684982270002365112304688
                      0.000000000000000000000000000000000
                      0.000000000000000000000000000000000
                7000000.000000000000000000000000000000011
                7000000.000000000000000000000000000000011
                7000000.000000000000000000000000000000011
                      0.070421677756018152827266476379009
                      0.144487630153384061237886726303259
                     -0.097850101313205123387817252478271
                     -0.337016085631610506911925995154888
                      0.000000000000000000000000000000000
                      0.000000000000000000000000000000000
                      0.088587858509957165265014111810160
                      0.258913094522561060273346811300144
                      0.109761724284642203652850867001689
                      0.034531512745354216165072358535326
                      0.000000000000000000000000000000000
                      0.000000000000000000000000000000000
                7000000.000000000000000000000000000000011
                7000000.000000000000000000000000000000011
                7000000.000000000000000000000000000000011
                     -0.082557246084900892668656524620019
                      0.140755753024538465822956823103596
                      0.136178290848277733227078556410561
                      0.199976251310443220443602285740781
                      0.000000000000000000000000000000000
                      0.000000000000000000000000000000000
                     -0.004014340133835296066389108915473
                      0.127513537748301153396113249982591
                      0.000496537342725599005824332898840
                      0.047291473428457186933826505992329
                      0.000000000000000000000000000000000
                      0.000000000000000000000000000000000
                7000000.000000000000000000000000000000011
                7000000.000000000000000000000000000000011
                7000000.000000000000000000000000000000011
                      0.149228420336394551615200043670484
                      0.330999578607881039804539113902138
                     -0.078619954814281925448149479507265
                     -0.031877344568759388709899837976991
                      0.000000000000000000000000000000000
                      0.000000000000000000000000000000000
                 494646.412655865424312651157379150390625
                 163700.806271224253578111529350280761719
                -148647.474518128787167370319366455078125
                 -43755.494404939410742372274398803710938
                      0.000000000000000000000000000000000
                      0.000000000000000000000000000000000
                7000000.000000000000000000000000000000011
                7000000.000000000000000000000000000000011
                7000000.000000000000000000000000000000011
                     -0.048007357275659849615845331527453
                     -0.014899987848303134288507898475018
                     -0.029033589012470141510480203805855
                     -0.029276901229143649507680180477109
                      0.000000000000000000000000000000000
                      0.000000000000000000000000000000000
                      0.008904514533024774150526958749197
                      0.145592115034420516161972614099795
                     -0.067491302179275194927932091104594
                     -0.115630406550996489567495473238523
                      0.000000000000000000000000000000000
                      0.000000000000000000000000000000000
                7000000.000000000000000000000000000000011
                7000000.000000000000000000000000000000011
                7000000.000000000000000000000000000000011
                 -61869.587393387955671641975641250610352
                 -41521.369158499779587145894765853881836
                 -61721.780831427829980384558439254760742
                 -42716.828866104588087182492017745971680
                      0.000000000000000000000000000000000
                      0.000000000000000000000000000000000
                      0.195613007871579924756844093280961
                      0.118348947705905108152002469523723
                     -0.035185130246834624145879644174784
                     -0.003923534084831629790979246052984
                      0.000000000000000000000000000000000
                      0.000000000000000000000000000000000
                7000000.000000000000000000000000000000011
                7000000.000000000000000000000000000000011
                7000000.000000000000000000000000000000011
                     -0.101078830405582215101745191532245
                      0.120081857787030565898334089069976
                      0.029409222078581619130854818422449
                     -0.327086385623402031708195636383607
                      0.000000000000000000000000000000000
                      0.000000000000000000000000000000000
                      0.002403407765893136004142771611214
                      0.098241547449793326096667556157627
                     -0.099871883819420678718437045517931
                     -0.112050754754903461596349245610327
                      0.000000000000000000000000000000000
                      0.000000000000000000000000000000000
                7000000.000000000000000000000000000000011
                7000000.000000000000000000000000000000011
                7000000.000000000000000000000000000000011
                      0.069338876094159104801484261315636
                      0.117534306094225562966393283659272
                      0.048678410937997809715405139741051
                      0.081038182426640403832607262302190
                      0.000000000000000000000000000000000
                      0.000000000000000000000000000000000
                     -0.099570691228025476338103771922761
                      0.225019957316423852011766371106205
                     -0.045427738218871055453362828302488
                      0.050697094212489787756759085368685
                      0.000000000000000000000000000000000
                      0.000000000000000000000000000000000
                7000000.000000000000000000000000000000011
                7000000.000000000000000000000000000000011
                7000000.000000000000000000000000000000011
                     -0.017251968967957088951781230434790
                      0.206825473413030591629535592801403
                      0.172531165635719685447213578299852
                     -0.200259983382707423826829540303152
                      0.000000000000000000000000000000000
                      0.000000000000000000000000000000000
                     -0.027137934896414233482131450614361
                      0.497805228550103562312756366736721
                      0.021349908472418757665600708151032
                     -0.071782772532341040938597132026189
                      0.000000000000000000000000000000000
                      0.000000000000000000000000000000000
                7000000.000000000000000000000000000000011
                7000000.000000000000000000000000000000011
                7000000.000000000000000000000000000000011
                      0.011376491511751046781242280303559
                      0.174975595766566099920069632389641
                     -0.206693316780719699155000057544385
                     -0.021764230201346157489439292476163
                      0.000000000000000000000000000000000
                      0.000000000000000000000000000000000
                      0.015546695873089448960979730429699
                      0.107110167804627925969285229257366
                      0.001860525393628044898627904579769
                      0.009641877892726189933081393235170
                      0.000000000000000000000000000000000
                      0.000000000000000000000000000000000
                7000000.000000000000000000000000000000011
                7000000.000000000000000000000000000000011
                7000000.000000000000000000000000000000011
                      0.109759465448405396648112741786463
                      0.365479165537261507790134373863111
                      0.077871295538388687895725581711304
                     -0.111282028436009580718568656720890
                      0.000000000000000000000000000000000
                      0.000000000000000000000000000000000
                     -0.131054872903175467779846030680346
                      0.190058254781534374799889519636054
                      0.013546383466288501248864228898583
                     -0.080464594835787842108665302021109
                      0.000000000000000000000000000000000
                      0.000000000000000000000000000000000
                7000000.000000000000000000000000000000011
                7000000.000000000000000000000000000000011
                7000000.000000000000000000000000000000011
                      0.062518274955117983382457680363586
                      0.013010352575565367269638805680643
                      0.130491112599050190778982027950406
                     -0.031665802322173398908322639044854
                      0.000000000000000000000000000000000
                      0.000000000000000000000000000000000
                     -0.095992554005531374738957595127431
                      0.276670382168719475313167777130730
                      0.155341941899438062968386020656908
                      0.080531702944810754085658288659033
                      0.000000000000000000000000000000000
                      0.000000000000000000000000000000000
                7000000.000000000000000000000000000000011
                7000000.000000000000000000000000000000011
                7000000.000000000000000000000000000000011
                     -0.022532069419948778932205613045880
                      0.111384616641541978054874562076293
                      0.029509794572976193183233561967427
                      0.002149563404285826772460721301172
                      0.000000000000000000000000000000000
                      0.000000000000000000000000000000000
                      0.023664370887400736770400655473168
                     -0.262491989189193253295684371551033
                     -0.023254506756371848275044555975910
                     -0.125542176723841186758434673720330
                      0.000000000000000000000000000000000
                      0.000000000000000000000000000000000
                7000000.000000000000000000000000000000011
                7000000.000000000000000000000000000000011
                7000000.000000000000000000000000000000011
                      0.033301890685628846022758864364732
                      0.046780117309662111457768673972168
                      0.028218117906450086024294776620991
                     -0.285215367780075668147077294634073
                      0.000000000000000000000000000000000
                      0.000000000000000000000000000000000
                 -85544.487701529898913577198982238769531
          ***********************************************
                 355726.712219997774809598922729492187500
          ***********************************************
                      0.000000000000000000000000000000000
                      0.000000000000000000000000000000000
                7000000.000000000000000000000000000000011
                7000000.000000000000000000000000000000011
                7000000.000000000000000000000000000000011
                      0.015808063727316048335813647440773
                      0.184205886266736146295031062436465
                      0.000202491835532198018090394020518
                     -0.018163546262082688048655754187166
                      0.000000000000000000000000000000000
                      0.000000000000000000000000000000000
                     -0.016169674087616207891482389413795
                      0.258455987962973088301055213378277
                      0.119503156459601550531957059320121
                      0.126421048031679944534388937427138
                      0.000000000000000000000000000000000
                      0.000000000000000000000000000000000
                7000000.000000000000000000000000000000011
                7000000.000000000000000000000000000000011
                7000000.000000000000000000000000000000011
                      0.069146210835829308161137873867119
                      0.002883858079508228120652058024120
                      0.014883934001688445963873519417575
                     -0.039012632360362092809324963127438
                      0.000000000000000000000000000000000
                      0.000000000000000000000000000000000
                     -0.003723949355446433406857664749623
                      0.411604900411192076159494490639190
                     -0.135426553191096643580237923742970
                      0.125031906054095198754794182605110
                      0.000000000000000000000000000000000
                      0.000000000000000000000000000000000
                7000000.000000000000000000000000000000011
                7000000.000000000000000000000000000000011
                7000000.000000000000000000000000000000011
                     -0.009426944878662819188308574780422
                     -0.073106451688981402559086575365654
                      0.015768974821579760658973867748500
                      0.074499691241840720890010629773315
                      0.000000000000000000000000000000000
                      0.000000000000000000000000000000000
                     -0.097941159110376901919536862806126
                      0.183996675779411394957563175012183
                     -0.007932930999288417134307493938650
                      0.000968927446580489779882905398978
                      0.000000000000000000000000000000000
                      0.000000000000000000000000000000000
                7000000.000000000000000000000000000000011
                7000000.000000000000000000000000000000011
                7000000.000000000000000000000000000000011
                   1640.390719483641532860929146409034729
                   1248.230233531441172090126201510429382
                    447.898210179170121136849047616124153
                    412.864245726194553753884974867105484
                      0.000000000000000000000000000000000
                      0.000000000000000000000000000000000
                      0.036405720016376853787054557187730
                      0.116582740746853263935634004155872
                     -0.006880775546398426936733905279198
                     -0.234562853280065597427750390124856
                      0.000000000000000000000000000000000
                      0.000000000000000000000000000000000
                7000000.000000000000000000000000000000011
                7000000.000000000000000000000000000000011
                7000000.000000000000000000000000000000011
                      0.099194226168759294659516001502197
                      0.214736275250352465215897268535628
                      0.043064912091694856899337651157111
                     -0.044446179645118891188282361781603
                      0.000000000000000000000000000000000
                      0.000000000000000000000000000000000
                 268922.875181684910785406827926635742188
                 234986.961164315172936767339706420898438
                -885612.903415697626769542694091796875001
                -774051.576473385794088244438171386718751
                      0.000000000000000000000000000000000
                      0.000000000000000000000000000000000
                7000000.000000000000000000000000000000011
                7000000.000000000000000000000000000000011
                7000000.000000000000000000000000000000011
                      0.047670505308843549863162536439631
                      0.168727808969385828508080749088549
                     -0.082266597566390750606579729264922
                     -0.372336803926157255961726377790910
                      0.000000000000000000000000000000000
                      0.000000000000000000000000000000000
                     -0.030659392889712106661237456251001
                      0.116575569983620883074415530700207
                     -0.075933645930222989917091069855815
                     -0.035950700333892318671935584006860
                      0.000000000000000000000000000000000
                      0.000000000000000000000000000000000
                7000000.000000000000000000000000000000011
                7000000.000000000000000000000000000000011
                7000000.000000000000000000000000000000011
                     -0.091447184300672668122444974869723
                      0.326746087518103023317195265917690
                     -0.034273049353431547792148137432378
                      0.116138012493773021271969980716676
                      0.000000000000000000000000000000000
                      0.000000000000000000000000000000000
           203360898690.289154052734375000000000000044173
             8258093571.107714653015136718749999999994731
          ***********************************************
           -64596392511.691947937011718750000000000014031
                      0.000000000000000000000000000000000
                      0.000000000000000000000000000000000
                7000000.000000000000000000000000000000011
                7000000.000000000000000000000000000000011
                7000000.000000000000000000000000000000011
                      0.009023477514351747191811980997045
                      0.117883924293878339373264907408156
                     -0.127570029921784594550970837190107
                     -0.058467555075517034512966318970939
                      0.000000000000000000000000000000000
                      0.000000000000000000000000000000000
                 170827.229898471356136724352836608886719
                  52153.282260589643556158989667892456055
                -416540.778529800998512655496597290039063
                -133120.721704672032501548528671264648438
                      0.000000000000000000000000000000000
                      0.000000000000000000000000000000000
                7000000.000000000000000000000000000000011
                7000000.000000000000000000000000000000011
                7000000.000000000000000000000000000000011
                      0.088053699116816736003343635275087
                     -0.021322196395090229487090383031500
                     -0.020760539254461161939868674153331
                      0.041365018497824007637220233846165
                      0.000000000000000000000000000000000
                      0.000000000000000000000000000000000
                     -0.079191988335967355983058268975583
                      0.030912616590515903935987296335952
                     -0.021657538970892765972653393191649
                      0.017431059957973591562074844318886
                      0.000000000000000000000000000000000
                      0.000000000000000000000000000000000
                7000000.000000000000000000000000000000011
                7000000.000000000000000000000000000000011
                7000000.000000000000000000000000000000011
                      0.016740094329122035682333446970915
                      0.042669876925225481978376507186113
                     -0.013063951853709806702474871542563
                      0.109961644148670434351089397750911
                      0.000000000000000000000000000000000
                      0.000000000000000000000000000000000
                     -0.061659875600476490853374400558096
                      0.503624475924123404801946435327409
                      0.007480831033038898292275575840904
                     -0.076997604051078777365191285753099
                      0.000000000000000000000000000000000
                      0.000000000000000000000000000000000
                7000000.000000000000000000000000000000011
                7000000.000000000000000000000000000000011
                7000000.000000000000000000000000000000011
                      0.011375983933168208606101501345620
                     -0.014131494247023359753234750257889
                      0.146594273839579625207107937967521
                     -0.107176457618834236606986110018624
                      0.000000000000000000000000000000000
                      0.000000000000000000000000000000000
                      0.019929095733091421738247817074807
                     -0.249670444882271663766815095186757
                     -0.047663089881488832078026973704254
                     -0.052224002840145125614590426721406
                      0.000000000000000000000000000000000
                      0.000000000000000000000000000000000
                7000000.000000000000000000000000000000011
                7000000.000000000000000000000000000000011
                7000000.000000000000000000000000000000011
                      0.168550323499656290460180230184051
                      0.058336409227060195825664834501367
                      0.030320583609975328837071728571573
                     -0.031617043798621707884066722726857
                      0.000000000000000000000000000000000
                      0.000000000000000000000000000000000
                      0.126574263435851652737085260014283
                      0.176103558258458997576312299315759
                      0.018403030490402021851492619930468
                     -0.007811554702300228456013364564114
                      0.000000000000000000000000000000000
                      0.000000000000000000000000000000000
                7000000.000000000000000000000000000000011
                7000000.000000000000000000000000000000011
                7000000.000000000000000000000000000000011
                      0.092164094970381790772329111405270
                      0.417928609234651471382449017255567
                      0.031867611156472568090247676764193
                      0.046651498049139560053699682384831
                      0.000000000000000000000000000000000
                      0.000000000000000000000000000000000
                      0.124131761850297700489065277906775
                      0.225165960105552342973567192530027
                     -0.026763243980172959218810646575548
                     -0.025131996353138917610348102016360
                      0.000000000000000000000000000000000
                      0.000000000000000000000000000000000
                7000000.000000000000000000000000000000011
                7000000.000000000000000000000000000000011
                7000000.000000000000000000000000000000011
                     -0.030068322700090858307087060552476
                      0.172225572701890677906888527104456
                      0.001030196980739703357596304122978
                      0.001208062440568812099389583991638
                      0.000000000000000000000000000000000
                      0.000000000000000000000000000000000
                      0.035611221957987791719713044358286
                      0.258942736924325622727138807022129
                     -0.062121945696672890846468106929024
                     -0.118652405351269737976416251967748
                      0.000000000000000000000000000000000
                      0.000000000000000000000000000000000
                7000000.000000000000000000000000000000011
                7000000.000000000000000000000000000000011
                7000000.000000000000000000000000000000011
                      0.052104233228725552184990021942212
                     -0.060285047646796985354455955530284
                      0.085015244520552243900901601136866
                     -0.268091757714954193048129127419088
                      0.000000000000000000000000000000000
                      0.000000000000000000000000000000000
                     -0.001338962388252758466816727533910
                     -0.148954562037905857696529210443259
                     -0.009310327013015843797272275139676
                      0.032146749080657052721754496360518
                      0.000000000000000000000000000000000
                      0.000000000000000000000000000000000
                7000000.000000000000000000000000000000011
                7000000.000000000000000000000000000000011
                7000000.000000000000000000000000000000011
                      0.195071949865104066201837440530653
                      0.294630219206897303596548454152071
                     -0.054355600831825688634690862954812
                     -0.073953833113486661110513864514360
                      0.000000000000000000000000000000000
                      0.000000000000000000000000000000000
                      0.019167516065094852145689330313871
                      0.048709351269100024939273652080374
                     -0.009078432239904683787035111208752
                      0.175772799483662645059212081832811
                      0.000000000000000000000000000000000
                      0.000000000000000000000000000000000
                7000000.000000000000000000000000000000011
                7000000.000000000000000000000000000000011
                7000000.000000000000000000000000000000011
                   1036.569996659281287065823562443256378
                    663.833747593545581366925034672021866
                  -1422.784919836707786089391447603702545
                   -783.495782030168015808158088475465775
                      0.000000000000000000000000000000000
                      0.000000000000000000000000000000000
                 -14960.298485591451026266440749168395996
                 -12503.880606540320513886399567127227783
                 299893.933338746777735650539398193359375
                 248640.984424137684982270002365112304688
                      0.000000000000000000000000000000000
                      0.000000000000000000000000000000000
                7000000.000000000000000000000000000000011
                7000000.000000000000000000000000000000011
                7000000.000000000000000000000000000000011
                      0.070421677756018152827266476379009
                      0.144487630153384061237886726303259
                     -0.097850101313205123387817252478271
                     -0.337016085631610506911925995154888
                      0.000000000000000000000000000000000
                      0.000000000000000000000000000000000
                      0.088587858509957165265014111810160
                      0.258913094522561060273346811300144
                      0.109761724284642203652850867001689
                      0.034531512745354216165072358535326
                      0.000000000000000000000000000000000
                      0.000000000000000000000000000000000
                7000000.000000000000000000000000000000011
                7000000.000000000000000000000000000000011
                7000000.000000000000000000000000000000011
                     -0.082557246084900892668656524620019
                      0.140755753024538465822956823103596
                      0.136178290848277733227078556410561
                      0.199976251310443220443602285740781
                      0.000000000000000000000000000000000
                      0.000000000000000000000000000000000
                     -0.004014340133835296066389108915473
                      0.127513537748301153396113249982591
                      0.000496537342725599005824332898840
                      0.047291473428457186933826505992329
                      0.000000000000000000000000000000000
                      0.000000000000000000000000000000000
                7000000.000000000000000000000000000000011
                7000000.000000000000000000000000000000011
                7000000.000000000000000000000000000000011
                      0.149228420336394551615200043670484
                      0.330999578607881039804539113902138
                     -0.078619954814281925448149479507265
                     -0.031877344568759388709899837976991
                      0.000000000000000000000000000000000
                      0.000000000000000000000000000000000
                 494646.412655865424312651157379150390625
                 163700.806271224253578111529350280761719
                -148647.474518128787167370319366455078125
                 -43755.494404939410742372274398803710938
                      0.000000000000000000000000000000000
                      0.000000000000000000000000000000000
                7000000.000000000000000000000000000000011
                7000000.000000000000000000000000000000011
                7000000.000000000000000000000000000000011
                     -0.048007357275659849615845331527453
                     -0.014899987848303134288507898475018
                     -0.029033589012470141510480203805855
                     -0.029276901229143649507680180477109
                      0.000000000000000000000000000000000
                      0.000000000000000000000000000000000
                      0.008904514533024774150526958749197
                      0.145592115034420516161972614099795
                     -0.067491302179275194927932091104594
                     -0.115630406550996489567495473238523
                      0.000000000000000000000000000000000
                      0.000000000000000000000000000000000
                7000000.000000000000000000000000000000011
                7000000.000000000000000000000000000000011
                7000000.000000000000000000000000000000011
                 -61869.587393387955671641975641250610352
                 -41521.369158499779587145894765853881836
                 -61721.780831427829980384558439254760742
                 -42716.828866104588087182492017745971680
                      0.000000000000000000000000000000000
                      0.000000000000000000000000000000000
                      0.195613007871579924756844093280961
                      0.118348947705905108152002469523723
                     -0.035185130246834624145879644174784
                     -0.003923534084831629790979246052984
                      0.000000000000000000000000000000000
                      0.000000000000000000000000000000000
                7000000.000000000000000000000000000000011
                7000000.000000000000000000000000000000011
                7000000.000000000000000000000000000000011
                     -0.101078830405582215101745191532245
                      0.120081857787030565898334089069976
                      0.029409222078581619130854818422449
                     -0.327086385623402031708195636383607
                      0.000000000000000000000000000000000
                      0.000000000000000000000000000000000
                      0.002403407765893136004142771611214
                      0.098241547449793326096667556157627
                     -0.099871883819420678718437045517931
                     -0.112050754754903461596349245610327
                      0.000000000000000000000000000000000
                      0.000000000000000000000000000000000
                7000000.000000000000000000000000000000011
                7000000.000000000000000000000000000000011
                7000000.000000000000000000000000000000011
                      0.069338876094159104801484261315636
                      0.117534306094225562966393283659272
                      0.048678410937997809715405139741051
                      0.081038182426640403832607262302190
                      0.000000000000000000000000000000000
                      0.000000000000000000000000000000000
                     -0.099570691228025476338103771922761
                      0.225019957316423852011766371106205
                     -0.045427738218871055453362828302488
                      0.050697094212489787756759085368685
                      0.000000000000000000000000000000000
                      0.000000000000000000000000000000000
                7000000.000000000000000000000000000000011
                7000000.000000000000000000000000000000011
                7000000.000000000000000000000000000000011
                     -0.017251968967957088951781230434790
                      0.206825473413030591629535592801403
                      0.172531165635719685447213578299852
                     -0.200259983382707423826829540303152
                      0.000000000000000000000000000000000
                      0.000000000000000000000000000000000
                     -0.027137934896414233482131450614361
                      0.497805228550103562312756366736721
                      0.021349908472418757665600708151032
                     -0.071782772532341040938597132026189
                      0.000000000000000000000000000000000
                      0.000000000000000000000000000000000
                7000000.000000000000000000000000000000011
                7000000.000000000000000000000000000000011
                7000000.000000000000000000000000000000011
                      0.011376491511751046781242280303559
                      0.174975595766566099920069632389641
                     -0.206693316780719699155000057544385
                     -0.021764230201346157489439292476163
                      0.000000000000000000000000000000000
                      0.000000000000000000000000000000000
                      0.015546695873089448960979730429699
                      0.107110167804627925969285229257366
                      0.001860525393628044898627904579769
                      0.009641877892726189933081393235170
                      0.000000000000000000000000000000000
                      0.000000000000000000000000000000000
                7000000.000000000000000000000000000000011
                7000000.000000000000000000000000000000011
                7000000.000000000000000000000000000000011
                      0.109759465448405396648112741786463
                      0.365479165537261507790134373863111
                      0.077871295538388687895725581711304
                     -0.111282028436009580718568656720890
                      0.000000000000000000000000000000000
                      0.000000000000000000000000000000000
                     -0.131054872903175467779846030680346
                      0.190058254781534374799889519636054
                      0.013546383466288501248864228898583
                     -0.080464594835787842108665302021109
                      0.000000000000000000000000000000000
                      0.000000000000000000000000000000000
                7000000.000000000000000000000000000000011
                7000000.000000000000000000000000000000011
                7000000.000000000000000000000000000000011
                      0.062518274955117983382457680363586
                      0.013010352575565367269638805680643
                      0.130491112599050190778982027950406
                     -0.031665802322173398908322639044854
                      0.000000000000000000000000000000000
                      0.000000000000000000000000000000000
                     -0.095992554005531374738957595127431
                      0.276670382168719475313167777130730
                      0.155341941899438062968386020656908
                      0.080531702944810754085658288659033
                      0.000000000000000000000000000000000
                      0.000000000000000000000000000000000
                7000000.000000000000000000000000000000011
                7000000.000000000000000000000000000000011
                7000000.000000000000000000000000000000011
                     -0.022532069419948778932205613045880
                      0.111384616641541978054874562076293
                      0.029509794572976193183233561967427
                      0.002149563404285826772460721301172
                      0.000000000000000000000000000000000
                      0.000000000000000000000000000000000
                      0.023664370887400736770400655473168
                     -0.262491989189193253295684371551033
                     -0.023254506756371848275044555975910
                     -0.125542176723841186758434673720330
                      0.000000000000000000000000000000000
                      0.000000000000000000000000000000000
                7000000.000000000000000000000000000000011
                7000000.000000000000000000000000000000011
                7000000.000000000000000000000000000000011
                      0.033301890685628846022758864364732
                      0.046780117309662111457768673972168
                      0.028218117906450086024294776620991
                     -0.285215367780075668147077294634073
                      0.000000000000000000000000000000000
                      0.000000000000000000000000000000000
                 -85544.487701529898913577198982238769531
          ***********************************************
                 355726.712219997774809598922729492187500
          ***********************************************
                      0.000000000000000000000000000000000
                      0.000000000000000000000000000000000
                7000000.000000000000000000000000000000011
                7000000.000000000000000000000000000000011
                7000000.000000000000000000000000000000011
                      0.015808063727316048335813647440773
                      0.184205886266736146295031062436465
                      0.000202491835532198018090394020518
                     -0.018163546262082688048655754187166
                      0.000000000000000000000000000000000
                      0.000000000000000000000000000000000
                     -0.016169674087616207891482389413795
                      0.258455987962973088301055213378277
                      0.119503156459601550531957059320121
                      0.126421048031679944534388937427138
                      0.000000000000000000000000000000000
                      0.000000000000000000000000000000000
                7000000.000000000000000000000000000000011
                7000000.000000000000000000000000000000011
                7000000.000000000000000000000000000000011
                      0.069146210835829308161137873867119
                      0.002883858079508228120652058024120
                      0.014883934001688445963873519417575
                     -0.039012632360362092809324963127438
                      0.000000000000000000000000000000000
                      0.000000000000000000000000000000000
                     -0.003723949355446433406857664749623
                      0.411604900411192076159494490639190
                     -0.135426553191096643580237923742970
                      0.125031906054095198754794182605110
                      0.000000000000000000000000000000000
                      0.000000000000000000000000000000000
                7000000.000000000000000000000000000000011
                7000000.000000000000000000000000000000011
                7000000.000000000000000000000000000000011
                     -0.009426944878662819188308574780422
                     -0.073106451688981402559086575365654
                      0.015768974821579760658973867748500
                      0.074499691241840720890010629773315
                      0.000000000000000000000000000000000
                      0.000000000000000000000000000000000
                     -0.097941159110376901919536862806126
                      0.183996675779411394957563175012183
                     -0.007932930999288417134307493938650
                      0.000968927446580489779882905398978
                      0.000000000000000000000000000000000
                      0.000000000000000000000000000000000
                7000000.000000000000000000000000000000011
                7000000.000000000000000000000000000000011
                7000000.000000000000000000000000000000011
                   1640.390719483641532860929146409034729
                   1248.230233531441172090126201510429382
                    447.898210179170121136849047616124153
                    412.864245726194553753884974867105484
                      0.000000000000000000000000000000000
                      0.000000000000000000000000000000000
                      0.036405720016376853787054557187730
                      0.116582740746853263935634004155872
                     -0.006880775546398426936733905279198
                     -0.234562853280065597427750390124856
                      0.000000000000000000000000000000000
                      0.000000000000000000000000000000000
                7000000.000000000000000000000000000000011
                7000000.000000000000000000000000000000011
                7000000.000000000000000000000000000000011
                      0.099194226168759294659516001502197
                      0.214736275250352465215897268535628
                      0.043064912091694856899337651157111
                     -0.044446179645118891188282361781603
                      0.000000000000000000000000000000000
                      0.000000000000000000000000000000000
                 268922.875181684910785406827926635742188
                 234986.961164315172936767339706420898438
                -885612.903415697626769542694091796875001
                -774051.576473385794088244438171386718751
                      0.000000000000000000000000000000000
                      0.000000000000000000000000000000000
                7000000.000000000000000000000000000000011
                7000000.000000000000000000000000000000011
                7000000.000000000000000000000000000000011
                      0.047670505308843549863162536439631
                      0.168727808969385828508080749088549
                     -0.082266597566390750606579729264922
                     -0.372336803926157255961726377790910
                      0.000000000000000000000000000000000
                      0.000000000000000000000000000000000
                     -0.030659392889712106661237456251001
                      0.116575569983620883074415530700207
                     -0.075933645930222989917091069855815
                     -0.035950700333892318671935584006860
                      0.000000000000000000000000000000000
                      0.000000000000000000000000000000000
                7000000.000000000000000000000000000000011
                7000000.000000000000000000000000000000011
                7000000.000000000000000000000000000000011
                     -0.091447184300672668122444974869723
                      0.326746087518103023317195265917690
                     -0.034273049353431547792148137432378
                      0.116138012493773021271969980716676
                      0.000000000000000000000000000000000
                      0.000000000000000000000000000000000
           203360898690.289154052734375000000000000044173
             8258093571.107714653015136718749999999994731
          ***********************************************
           -64596392511.691947937011718750000000000014031
                      0.000000000000000000000000000000000
                      0.000000000000000000000000000000000
                7000000.000000000000000000000000000000011
                7000000.000000000000000000000000000000011
                7000000.000000000000000000000000000000011
                      0.009023477514351747191811980997045
                      0.117883924293878339373264907408156
                     -0.127570029921784594550970837190107
                     -0.058467555075517034512966318970939
                      0.000000000000000000000000000000000
                      0.000000000000000000000000000000000
                 170827.229898471356136724352836608886719
                  52153.282260589643556158989667892456055
                -416540.778529800998512655496597290039063
                -133120.721704672032501548528671264648438
                      0.000000000000000000000000000000000
                      0.000000000000000000000000000000000
                7000000.000000000000000000000000000000011
                7000000.000000000000000000000000000000011
                7000000.000000000000000000000000000000011
                      0.088053699116816736003343635275087
                     -0.021322196395090229487090383031500
                     -0.020760539254461161939868674153331
                      0.041365018497824007637220233846165
                      0.000000000000000000000000000000000
                      0.000000000000000000000000000000000
                     -0.079191988335967355983058268975583
                      0.030912616590515903935987296335952
                     -0.021657538970892765972653393191649
                      0.017431059957973591562074844318886
                      0.000000000000000000000000000000000
                      0.000000000000000000000000000000000
                7000000.000000000000000000000000000000011
                7000000.000000000000000000000000000000011
                7000000.000000000000000000000000000000011
                      0.016740094329122035682333446970915
                      0.042669876925225481978376507186113
                     -0.013063951853709806702474871542563
                      0.109961644148670434351089397750911
                      0.000000000000000000000000000000000
                      0.000000000000000000000000000000000
                     -0.061659875600476490853374400558096
                      0.503624475924123404801946435327409
                      0.007480831033038898292275575840904
                     -0.076997604051078777365191285753099
                      0.000000000000000000000000000000000
                      0.000000000000000000000000000000000
                7000000.000000000000000000000000000000011
                7000000.000000000000000000000000000000011
                7000000.000000000000000000000000000000011
                      0.011375983933168208606101501345620
                     -0.014131494247023359753234750257889
                      0.146594273839579625207107937967521
                     -0.107176457618834236606986110018624
                      0.000000000000000000000000000000000
                      0.000000000000000000000000000000000
                      0.019929095733091421738247817074807
                     -0.249670444882271663766815095186757
                     -0.047663089881488832078026973704254
                     -0.052224002840145125614590426721406
                      0.000000000000000000000000000000000
                      0.000000000000000000000000000000000
                7000000.000000000000000000000000000000011
                7000000.000000000000000000000000000000011
                7000000.000000000000000000000000000000011
                      0.168550323499656290460180230184051
                      0.058336409227060195825664834501367
                      0.030320583609975328837071728571573
                     -0.031617043798621707884066722726857
                      0.000000000000000000000000000000000
                      0.000000000000000000000000000000000
                      0.126574263435851652737085260014283
                      0.176103558258458997576312299315759
                      0.018403030490402021851492619930468
                     -0.007811554702300228456013364564114
                      0.000000000000000000000000000000000
                      0.000000000000000000000000000000000
                7000000.000000000000000000000000000000011
                7000000.000000000000000000000000000000011
                7000000.000000000000000000000000000000011
                      0.092164094970381790772329111405270
                      0.417928609234651471382449017255567
                      0.031867611156472568090247676764193
                      0.046651498049139560053699682384831
                      0.000000000000000000000000000000000
                      0.000000000000000000000000000000000
                      0.124131761850297700489065277906775
                      0.225165960105552342973567192530027
                     -0.026763243980172959218810646575548
                     -0.025131996353138917610348102016360
                      0.000000000000000000000000000000000
                      0.000000000000000000000000000000000
                7000000.000000000000000000000000000000011
                7000000.000000000000000000000000000000011
                7000000.000000000000000000000000000000011
