                     -0.028530842015769577318939909105211
                      0.098280705812273896904152081788197
                     -0.035083996255448356149653221791596
                     -0.110759966019125827285662921894982
                      0.000000000000000000000000000000000
                      0.000000000000000000000000000000000
                      0.009564131698939873013620704966797
                     -0.059045039832693296810717242806277
                     -0.124374147617608163396418774482299
                     -0.031298061826361980863886458337220
                      0.000000000000000000000000000000000
                      0.000000000000000000000000000000000
                7000000.000000000000000000000000000000011
                7000000.000000000000000000000000000000011
                7000000.000000000000000000000000000000011
                      0.054589174638954920948386018153542
                     -0.225179652299992427710861875311821
                      0.028096890385456482069903572096337
                     -0.044340751781564817501912756370075
                      0.000000000000000000000000000000000
                      0.000000000000000000000000000000000
                      0.121718727464934312054722909124393
                     -0.050026309195480532510114102251464
                      0.057877504338792511162647969058526
                      0.330830745378079382756908444207511
                      0.000000000000000000000000000000000
                      0.000000000000000000000000000000000
                7000000.000000000000000000000000000000011
                7000000.000000000000000000000000000000011
                7000000.000000000000000000000000000000011
                      0.070180496613591922261399247418012
                      0.011828834706845771027050595591845
                     -0.103444811051384699673860723123653
                      0.370219289535122786372056680193054
                      0.000000000000000000000000000000000
                      0.000000000000000000000000000000000
                     -0.137075191685299746513493346355972
                     -0.074459016747830397697782700561220
                     -0.011435063462096474451445970998975
                      0.017042966993536839276357497396930
                      0.000000000000000000000000000000000
                      0.000000000000000000000000000000000
                7000000.000000000000000000000000000000011
                7000000.000000000000000000000000000000011
                7000000.000000000000000000000000000000011
                     -0.129636828642736706695970383407257
                      0.136954692820880907788705371785909
                     -0.009314054337097548222357268343785
                      0.056896226329122556730766291366308
                      0.000000000000000000000000000000000
                      0.000000000000000000000000000000000
                      0.005618671854337087614994494799703
                      0.105126539247400424548217756637314
                      0.142068462287942121058392785926117
                      0.065544601477571962089285761976498
                      0.000000000000000000000000000000000
                      0.000000000000000000000000000000000
                7000000.000000000000000000000000000000011
                7000000.000000000000000000000000000000011
                7000000.000000000000000000000000000000011
                      0.172635671308888488661992255401856
                      0.088766960755316440256912358108821
                      0.046728654646341100109552257890755
                      0.134347219622441393926948194348370
                      0.000000000000000000000000000000000
                      0.000000000000000000000000000000000
                      0.130392578962257116304002124707040
                     -0.045310628012341383485939161346323
                      0.036734128248687415718709559087074
                      0.317267936433644315297186722091283
                      0.000000000000000000000000000000000
                      0.000000000000000000000000000000000
                7000000.000000000000000000000000000000011
                7000000.000000000000000000000000000000011
                7000000.000000000000000000000000000000011
                      0.000724483263241265749293740228154
                     -0.035805429552954716465595907948227
                     -0.103449653026112878273501394232881
                      0.360557310172838207940060328837717
                      0.000000000000000000000000000000000
                      0.000000000000000000000000000000000
                     -0.057882409767809943346161816180029
                      0.020501821994547406169395742381312
                      0.138314564284290869577986882177356
                      0.240316301818108563059794846594741
                      0.000000000000000000000000000000000
                      0.000000000000000000000000000000000
                7000000.000000000000000000000000000000011
                7000000.000000000000000000000000000000011
                7000000.000000000000000000000000000000011
                      0.152793563329482295909400590971927
                     -0.017064474581624973492655072959678
                      0.004958337041504288014714951771111
                      0.144128814255409021249931811325951
                      0.000000000000000000000000000000000
                      0.000000000000000000000000000000000
                      0.040300611639928998752857580711861
                     -0.255248408671405524472675097058527
                      0.068008252535267502136839823378978
                      0.088350433745464307389028135730769
                      0.000000000000000000000000000000000
                      0.000000000000000000000000000000000
                7000000.000000000000000000000000000000011
                7000000.000000000000000000000000000000011
                7000000.000000000000000000000000000000011
                     -0.097483729241239408525032672514499
                      0.068505943116632078693228891097533
                      0.111136106147863331083947002753121
                      0.082418379428086940841069463203894
                      0.000000000000000000000000000000000
                      0.000000000000000000000000000000000
                      0.116535119068228165684075747776660
                     -0.147443775640730245779508322812035
                     -0.014552883154079328253960312622439
                     -0.034976100442270424695223596245341
                      0.000000000000000000000000000000000
                      0.000000000000000000000000000000000
                7000000.000000000000000000000000000000011
                7000000.000000000000000000000000000000011
                7000000.000000000000000000000000000000011
                      0.009367907837239437471299474680109
                      0.034102766376759012512120960991524
                     -0.140050731789095134205425097206898
                      0.228640126430742607333002069935901
                      0.000000000000000000000000000000000
                      0.000000000000000000000000000000000
                      0.057442956429734563783551237747815
                      0.146780772266389941682618314189313
                     -0.070159660367989512552711062198796
                     -0.040154162492526873640130702369788
                      0.000000000000000000000000000000000
                      0.000000000000000000000000000000000
                7000000.000000000000000000000000000000011
                7000000.000000000000000000000000000000011
                7000000.000000000000000000000000000000011
                     -0.023114158688208631675653492720812
                      0.137483210537748729018758808706480
                     -0.024133616219564404947739433282550
                      0.382754584469658432066552222750033
                      0.000000000000000000000000000000000
                      0.000000000000000000000000000000000
                     -0.111004698680580909941895129122713
                     -0.068897438254521353728776489333541
                      0.016511410775962156310958661720178
                     -0.075525552023578135241166364721721
                      0.000000000000000000000000000000000
                      0.000000000000000000000000000000000
                7000000.000000000000000000000000000000011
                7000000.000000000000000000000000000000011
                7000000.000000000000000000000000000000011
                     -0.130855364002969043468738163937815
                     -0.089135530621252664906783991227712
                      0.066913498999102455355725282970525
                      0.226974268046366084439213750556519
                      0.000000000000000000000000000000000
                      0.000000000000000000000000000000000
                      0.024158408525461583238325147249270
                     -0.234879314568847308297705467339256
                      0.006533904793829665297311137805991
                     -0.063279118795275701714331262337510
                      0.000000000000000000000000000000000
                      0.000000000000000000000000000000000
                7000000.000000000000000000000000000000011
                7000000.000000000000000000000000000000011
                7000000.000000000000000000000000000000011
                      0.007585516073912195421369286663094
                     -0.004920015902506685509520956145479
                      0.052275817959093563713768304523910
                      0.405068650070189884004889790958259
                      0.000000000000000000000000000000000
                      0.000000000000000000000000000000000
                     -0.041568943367308784642144559029475
                     -0.092806423812229241199212026458554
                      0.052398667501370538301941337522294
                      0.374656119601625092752072987423162
                      0.000000000000000000000000000000000
                      0.000000000000000000000000000000000
                7000000.000000000000000000000000000000011
                7000000.000000000000000000000000000000011
                7000000.000000000000000000000000000000011
                     -0.139782112668220492857074077619473
                     -0.072391105580015102649582559024566
                     -0.098335036253784965931679096229345
                      0.187503814209996566564342401761678
                      0.000000000000000000000000000000000
                      0.000000000000000000000000000000000
                      0.116642372008314856857147390201135
                     -0.094257049768357636931881415875978
                     -0.014831092044752046399391787190325
                      0.325843741046398238658809987100540
                      0.000000000000000000000000000000000
                      0.000000000000000000000000000000000
                7000000.000000000000000000000000000000011
                7000000.000000000000000000000000000000011
                7000000.000000000000000000000000000000011
                     -0.052779356421856105097134559400729
                      0.068104273978181209536764129097719
                      0.098983904272849060346217697770044
                      0.311927322947757434956628230793285
                      0.000000000000000000000000000000000
                      0.000000000000000000000000000000000
                     -0.087782248280881894353377958850615
                     -0.192763529263848487627086569773383
                      0.099465968571504304041042132666917
                      0.092207655700975429957644280420936
                      0.000000000000000000000000000000000
                      0.000000000000000000000000000000000
                7000000.000000000000000000000000000000011
                7000000.000000000000000000000000000000011
                7000000.000000000000000000000000000000011
                     -0.084284458451531998890438046601048
                      0.105532839446211168521472245629411
                      0.081164436325697919549782000103733
                      0.315780708556691380728409512812505
                      0.000000000000000000000000000000000
                      0.000000000000000000000000000000000
                     -0.024931741326118927321031648602911
                     -0.033358867526731679487017601104526
                     -0.018539745554127271681688071680583
                     -0.121446858998517592809207599202637
                      0.000000000000000000000000000000000
                      0.000000000000000000000000000000000
                7000000.000000000000000000000000000000011
                7000000.000000000000000000000000000000011
                7000000.000000000000000000000000000000011
                     -0.131193603820592141762091387136024
                     -0.000870465680349533500563541377204
                     -0.080346221250560428961406955750135
                      0.242332667811149926606617555080447
                      0.000000000000000000000000000000000
                      0.000000000000000000000000000000000
                     -0.002056511624679055461051291331387
                      0.065287796883175944206989527174301
                      0.034972893475026300968977466254728
                      0.405593555275077677357842276251176
                      0.000000000000000000000000000000000
                      0.000000000000000000000000000000000
                7000000.000000000000000000000000000000011
                7000000.000000000000000000000000000000011
                7000000.000000000000000000000000000000011
                     -0.023713571321239246270096145963180
                     -0.258922566269206677613823330830201
                      0.020133489705883762105331769021177
                      0.204425347418570074742305564541311
                      0.000000000000000000000000000000000
                      0.000000000000000000000000000000000
                      0.126622739297995917651107333767868
                      0.137265285322455576899614015928819
                     -0.024205888889623664722572371488241
                      0.117346344183174758346588362201146
                      0.000000000000000000000000000000000
                      0.000000000000000000000000000000000
                7000000.000000000000000000000000000000011
                7000000.000000000000000000000000000000011
                7000000.000000000000000000000000000000011
                     -0.055678227530519291965660499954538
                      0.229036335536017376934836420332431
                      0.008354344345186542203363089242885
                      0.273835266887796691115397607063642
                      0.000000000000000000000000000000000
                      0.000000000000000000000000000000000
                     -0.001620725349415857736296020519262
                     -0.015654317985089077208682439845688
                      0.188089661225726373361410992401943
                      0.280708110499162610818046914573642
                      0.000000000000000000000000000000000
                      0.000000000000000000000000000000000
                7000000.000000000000000000000000000000011
                7000000.000000000000000000000000000000011
                7000000.000000000000000000000000000000011
                      0.085989070926911159720162913799868
                      0.254078778626579460109269348322414
                     -0.044441670896457258210787699681532
                      0.112219367887752191625949649278482
                      0.000000000000000000000000000000000
                      0.000000000000000000000000000000000
                      0.139074839826536178488680661757826
                      0.078018804888426149246605234566232
                      0.018687378240802181295077133427185
                      0.003223292972495097469254332622768
                      0.000000000000000000000000000000000
                      0.000000000000000000000000000000000
                7000000.000000000000000000000000000000011
                7000000.000000000000000000000000000000011
                7000000.000000000000000000000000000000011
                     -0.062430529253234806619232699631539
                      0.030582181404427779408683463202578
                     -0.002643448205853425950206947447896
                     -0.106160389769680507665583490961581
                      0.000000000000000000000000000000000
                      0.000000000000000000000000000000000
                     -0.075678559250825117032945854589343
                      0.060533345079784202369399537246863
                      0.014148594685706982962414279825225
                      0.413172340348570532597705096122809
                      0.000000000000000000000000000000000
                      0.000000000000000000000000000000000
                7000000.000000000000000000000000000000011
                7000000.000000000000000000000000000000011
                7000000.000000000000000000000000000000011
                      0.085442888490315380134454414928769
                     -0.209180689456046203789085780044843
                      0.053525590275477916146762424887129
                      0.241851880679086667091937101758958
                      0.000000000000000000000000000000000
                      0.000000000000000000000000000000000
                     -0.010425527663969707745095227835463
                      0.060091516142568350555830392067946
                     -0.161385061086033593236166439055523
                      0.131450274547517481638081449091260
                      0.000000000000000000000000000000000
                      0.000000000000000000000000000000000
                7000000.000000000000000000000000000000011
                7000000.000000000000000000000000000000011
                7000000.000000000000000000000000000000011
                      0.098605133798527144772805286265793
                      0.175766914155434939015520967586781
                      0.045721645211917266715673235921713
                      0.033768672434641315571735020739652
                      0.000000000000000000000000000000000
                      0.000000000000000000000000000000000
                      0.122340445642620934685318445644953
                     -0.081989456327488205444886659734038
                     -0.048640066693309572110059946226102
                      0.318107728570923398159209227742394
                      0.000000000000000000000000000000000
                      0.000000000000000000000000000000000
                7000000.000000000000000000000000000000011
                7000000.000000000000000000000000000000011
                7000000.000000000000000000000000000000011
                      0.046481619906664516095329275913173
                     -0.099225758341863506961644247894583
                      0.113439491829354074936553331554023
                      0.265400603946173208047554226141074
                      0.000000000000000000000000000000000
                      0.000000000000000000000000000000000
                      0.083357060607304897525970943661378
                      0.128161374468475752763652053545229
                      0.055132731976735550871726587729427
                     -0.115924524755172272949543810227624
                      0.000000000000000000000000000000000
                      0.000000000000000000000000000000000
                7000000.000000000000000000000000000000011
                7000000.000000000000000000000000000000011
                7000000.000000000000000000000000000000011
                      0.046801589258577080965295635905932
                      0.233641473444211378307500126538798
                      0.006998577360807725460112305171378
                      0.271009737682541052006257586981519
                      0.000000000000000000000000000000000
                      0.000000000000000000000000000000000
                      0.109558908555866987843963045179407
                      0.060073368453263623067961418655614
                     -0.078651693375662079521504210788407
                     -0.016778887633371441373553167863975
                      0.000000000000000000000000000000000
                      0.000000000000000000000000000000000
                7000000.000000000000000000000000000000011
                7000000.000000000000000000000000000000011
                7000000.000000000000000000000000000000011
                      0.053183908720181492790768373879473
                      0.078080680513459191360858824282332
                      0.064074338110569770132762812409055
                     -0.118063154482048252025272461196437
                      0.000000000000000000000000000000000
                      0.000000000000000000000000000000000
                      0.008316592890973389939901494471997
                      0.221746931487253995385344751412049
                     -0.078782201718407621204853796825773
                      0.044817244735040319414398624076057
                      0.000000000000000000000000000000000
                      0.000000000000000000000000000000000
                7000000.000000000000000000000000000000011
                7000000.000000000000000000000000000000011
                7000000.000000000000000000000000000000011
                     -0.023103972429773949465170446160300
                      0.064296311422429225368446736865735
                      0.034272539445247114653358977420794
                      0.417255605207479285390093082241947
                      0.000000000000000000000000000000000
                      0.000000000000000000000000000000000
                     -0.011588104717210860258869153938122
                      0.019825652527979815281655717740250
                     -0.156713528436667415277838699694257
                      0.091366167601866457581571978607826
                      0.000000000000000000000000000000000
                      0.000000000000000000000000000000000
                7000000.000000000000000000000000000000011
                7000000.000000000000000000000000000000011
                7000000.000000000000000000000000000000011
                     -0.011540240979536212778677750634415
                      0.208670312939542468289033649853081
                     -0.078234882934861874059784270230011
                     -0.042852620545842531885050163964479
                      0.000000000000000000000000000000000
                      0.000000000000000000000000000000000
                      0.107309876756550209853102728629892
                      0.123463394929444705838683660203969
                     -0.152677390973995491529890955462179
                      0.076855091845076231593658633300947
                      0.000000000000000000000000000000000
                      0.000000000000000000000000000000000
                7000000.000000000000000000000000000000011
                7000000.000000000000000000000000000000011
                7000000.000000000000000000000000000000011
                     -0.062796588403327358030026061896933
                     -0.076864774835506202710355694307509
                     -0.093407700666128162803047985107696
                     -0.002792198486016134965220780728146
                      0.000000000000000000000000000000000
                      0.000000000000000000000000000000000
                     -0.006718658137652640770232093103687
                      0.268698940816268605491501375581720
                     -0.005117348959090725103726615685673
                      0.084072504049466686981695318081620
                      0.000000000000000000000000000000000
                      0.000000000000000000000000000000000
                7000000.000000000000000000000000000000011
                7000000.000000000000000000000000000000011
                7000000.000000000000000000000000000000011
                     -0.012889226303587700273034499787173
                      0.241249658391793214695653091439453
                      0.047043117993804707543947785097771
                      0.215527322298965151592398115099058
                      0.000000000000000000000000000000000
                      0.000000000000000000000000000000000
                      0.101470944553426437040322127813852
                      0.179898770389095158384051842404006
                     -0.070763538794140018461931163074041
                      0.120294570836500427923887457382079
                      0.000000000000000000000000000000000
                      0.000000000000000000000000000000000
                7000000.000000000000000000000000000000011
                7000000.000000000000000000000000000000011
                7000000.000000000000000000000000000000011
                      0.141346846580311602536994541878812
                     -0.109146438651704202893455430967151
                     -0.054459934862199868566001725866954
                      0.218932058782059707491285394098668
                      0.000000000000000000000000000000000
                      0.000000000000000000000000000000000
                     -0.026929179728685709999114195056791
                      0.054132588106023095397834055120256
                     -0.150076431696524542624970877113810
                      0.081048212629483432078991711478011
                      0.000000000000000000000000000000000
                      0.000000000000000000000000000000000
                7000000.000000000000000000000000000000011
                7000000.000000000000000000000000000000011
                7000000.000000000000000000000000000000011
                     -0.043520940769418606230978241455887
                     -0.077697132447574382418942207095824
                     -0.119105678813917634228936037743551
                      0.267887746084024547243984670785721
                      0.000000000000000000000000000000000
                      0.000000000000000000000000000000000
                     -0.016040165904450995326691042919265
                      0.009354974064446301001973793631805
                      0.046050041980384925910385618408327
                     -0.145297605000558494037221635153401
                      0.000000000000000000000000000000000
                      0.000000000000000000000000000000000
                7000000.000000000000000000000000000000011
                7000000.000000000000000000000000000000011
                7000000.000000000000000000000000000000011
                     -0.071325453469518129701043562818086
                     -0.212694397438012661183392992825247
                      0.105062927349279966460215973711456
                      0.098581471769975309582534350738570
                      0.000000000000000000000000000000000
                      0.000000000000000000000000000000000
                     -0.039072671173414723344574639440907
                     -0.224482001223596294714468513120664
                      0.083029538153497353669685310251225
                     -0.007813374474039621458976156986864
                      0.000000000000000000000000000000000
                      0.000000000000000000000000000000000
                7000000.000000000000000000000000000000011
                7000000.000000000000000000000000000000011
                7000000.000000000000000000000000000000011
                     -0.051794623882656154467696296705981
                     -0.025761652247241872276672935981878
                     -0.051565143350972945934795887978908
                     -0.136681772646561006112619907071348
                      0.000000000000000000000000000000000
                      0.000000000000000000000000000000000
                      0.064029790389813281969999536613614
                      0.211648644082328890592137327075761
                     -0.040402759101229236693431090543527
                      0.255714874107809797543211516313022
                      0.000000000000000000000000000000000
                      0.000000000000000000000000000000000
                7000000.000000000000000000000000000000011
                7000000.000000000000000000000000000000011
                7000000.000000000000000000000000000000011
                     -0.066162432240610691280835453653708
                      0.211314104177557526842434754144051
                      0.067721966014575876724457259570045
                      0.185997636599653487499139714600460
                      0.000000000000000000000000000000000
                      0.000000000000000000000000000000000
                      0.104035277710922496874346165895986
                      0.158066702997808949948677081920323
                     -0.178136091856108735864694381234585
                      0.146138896530833450881914359342773
                      0.000000000000000000000000000000000
                      0.000000000000000000000000000000000
                7000000.000000000000000000000000000000011
                7000000.000000000000000000000000000000011
                7000000.000000000000000000000000000000011
                     -0.195829282840965290812818011545460
                     -0.113906826745433703562682126175787
                     -0.042539978075508522170622427438502
                      0.180552601830265446736234480340499
                      0.000000000000000000000000000000000
                      0.000000000000000000000000000000000
                      0.124659669562418209953769121511868
                     -0.086194750808657058516182303264941
                     -0.067395522994387627169210475130967
                      0.272180355693660169791314729081932
                      0.000000000000000000000000000000000
                      0.000000000000000000000000000000000
                7000000.000000000000000000000000000000011
                7000000.000000000000000000000000000000011
                7000000.000000000000000000000000000000011
                     -0.025254342083745169589281687194671
                     -0.036403925203382668518425901993396
                     -0.035134634033839838573864966519977
                     -0.128946666038619234262441182181647
                      0.000000000000000000000000000000000
                      0.000000000000000000000000000000000
                     -0.008338546961340800867112932337477
                      0.083336470994923209087978932529950
                      0.050632089532911379869961621125185
                     -0.165906567451759773268449293937010
                      0.000000000000000000000000000000000
                      0.000000000000000000000000000000000
                7000000.000000000000000000000000000000011
                7000000.000000000000000000000000000000011
                7000000.000000000000000000000000000000011
                      0.012142666633975949738721844539668
                     -0.259592282980812327775055337042431
                      0.014759282516276926028320204409283
                      0.033916374281338139418107147093906
                      0.000000000000000000000000000000000
                      0.000000000000000000000000000000000
                      0.136547295291765041769238564484112
                     -0.114454251464555969985958938650583
                     -0.010732965622325542354165150982226
                      0.249257217811536424534324396518059
                      0.000000000000000000000000000000000
                      0.000000000000000000000000000000000
                7000000.000000000000000000000000000000011
                7000000.000000000000000000000000000000011
                7000000.000000000000000000000000000000011
                      0.065181976558079252059840769106813
                     -0.159280557987656112839403022007900
                      0.093949509678392384426359740245971
                      0.052961929239702283667146076595600
                      0.000000000000000000000000000000000
                      0.000000000000000000000000000000000
                     -0.101437037253686912485761695279507
                     -0.146851231980250768183182685788779
                     -0.024046485902545006868580301784277
                     -0.043948162511081925729605757169338
                      0.000000000000000000000000000000000
                      0.000000000000000000000000000000000
                7000000.000000000000000000000000000000011
                7000000.000000000000000000000000000000011
                7000000.000000000000000000000000000000011
                      0.014907564220741175223250429837663
                     -0.026521044729624625169162044358018
                      0.128820994010785117023232260180521
                     -0.003439954765331642086434449367971
                      0.000000000000000000000000000000000
                      0.000000000000000000000000000000000
                      0.073381783978387168931867279297876
                      0.127297464553677935894526740412402
                     -0.105974947265392124839955556581117
                      0.073525896077002481088236152118043
                      0.000000000000000000000000000000000
                      0.000000000000000000000000000000000
                7000000.000000000000000000000000000000011
                7000000.000000000000000000000000000000011
                7000000.000000000000000000000000000000011
                     -0.041753194456288084124295778565283
                     -0.113853108712203679453445204217132
                     -0.107994682053689866618739756631840
                      0.012155058867350807330631745628580
                      0.000000000000000000000000000000000
                      0.000000000000000000000000000000000
                     -0.131261805602095826817077295345371
                      0.028124328194358696325627633427757
                     -0.001614212268876602691947130807648
                      0.364366496279311391504052153322846
                      0.000000000000000000000000000000000
                      0.000000000000000000000000000000000
                7000000.000000000000000000000000000000011
                7000000.000000000000000000000000000000011
                7000000.000000000000000000000000000000011
                      0.119374325233856729000514462768479
                      0.158723534402922666908253290785069
                      0.052579098372987409515388890213217
                      0.043187420989964017681295160855370
                      0.000000000000000000000000000000000
                      0.000000000000000000000000000000000
                      0.121899776295329678732493050574703
                     -0.076526965017990875028708330773952
                      0.075418715538905417572479450427636
                      0.030158236642099090635271707583343
                      0.000000000000000000000000000000000
                      0.000000000000000000000000000000000
                7000000.000000000000000000000000000000011
                7000000.000000000000000000000000000000011
                7000000.000000000000000000000000000000011
                      0.001902982484017617112806441959094
                      0.017315386892136842150735631662428
                     -0.123590212360679976844046734640870
                      0.276504288531213615609516409676871
                      0.000000000000000000000000000000000
                      0.000000000000000000000000000000000
                      0.049987112269049907564699708473199
                      0.109327382607222758914566895782627
                      0.045594978378889379488914102012131
                     -0.086106581428581199788574451758905
                      0.000000000000000000000000000000000
                      0.000000000000000000000000000000000
                7000000.000000000000000000000000000000011
                7000000.000000000000000000000000000000011
                7000000.000000000000000000000000000000011
                      0.080608082024840696511169824134413
                      0.194651213272053619229851051386504
                      0.006112097771982966630532896346040
                      0.342303246126064053544979515208979
                      0.000000000000000000000000000000000
                      0.000000000000000000000000000000000
                      0.010668003754147831543819258115491
                     -0.233518544225917806800296716573939
                      0.066910483365624676133087689322565
                      0.009766307001332113352232155989441
                      0.000000000000000000000000000000000
                      0.000000000000000000000000000000000
                7000000.000000000000000000000000000000011
                7000000.000000000000000000000000000000011
                7000000.000000000000000000000000000000011
                      0.059283448959838426495227992063519
                     -0.044227378714346073096397304880156
                      0.100301996157182771174376512135495
                      0.305327382100215427573886017853511
                      0.000000000000000000000000000000000
                      0.000000000000000000000000000000000
                     -0.038139716293859725337878074924447
                     -0.221579395387169891806777854981192
                     -0.098002546551208463698756645499088
                      0.182140573110421338798303736439266
                      0.000000000000000000000000000000000
                      0.000000000000000000000000000000000
                7000000.000000000000000000000000000000011
                7000000.000000000000000000000000000000011
                7000000.000000000000000000000000000000011
                      0.060490361070635621787427993467645
                     -0.213882386422355907917847162025282
                      0.105412902709207376150679635884444
                     -0.066808664794496944172585983778845
                      0.000000000000000000000000000000000
                      0.000000000000000000000000000000000
                      0.013562776645817627152457163219879
                     -0.055920116677092748802557764520316
                     -0.026892059491714401242568044381187
                     -0.126502723848200465672775294478924
                      0.000000000000000000000000000000000
                      0.000000000000000000000000000000000
                7000000.000000000000000000000000000000011
                7000000.000000000000000000000000000000011
                7000000.000000000000000000000000000000011
                      0.075236895761698979745446536071540
                      0.223013974434491168974403763058945
                      0.105183494931819554452090414997656
                      0.076089740717520018553621241608198
                      0.000000000000000000000000000000000
                      0.000000000000000000000000000000000
                      0.008751769110875768156732057434510
                      0.060446316130717887837864310540681
                      0.058495703643884025546562099862058
                      0.389536043101325557547198741303873
                      0.000000000000000000000000000000000
                      0.000000000000000000000000000000000
                7000000.000000000000000000000000000000011
                7000000.000000000000000000000000000000011
                7000000.000000000000000000000000000000011
                      0.163525452113556235556046658530249
                      0.005422748821164350731260928029087
                     -0.010015556178161463124487440268240
                      0.140769382674504145436245039491041
                      0.000000000000000000000000000000000
                      0.000000000000000000000000000000000
                     -0.067348146490218682713724263066979
                     -0.227944823950440605964118390147632
                      0.023144283476590452736099123853819
                      0.214078626910898239810165932794916
                      0.000000000000000000000000000000000
                      0.000000000000000000000000000000000
                7000000.000000000000000000000000000000011
                7000000.000000000000000000000000000000011
                7000000.000000000000000000000000000000011
                     -0.087299470096093303994599921225017
                     -0.185723330354537002895298769544752
                     -0.080921941248331089036049945661944
                      0.143658750449022931672260483537684
                      0.000000000000000000000000000000000
                      0.000000000000000000000000000000000
                      0.026171214207491522163451236338005
                      0.050352698715056862233119261418324
                     -0.060659575161405021592742059510783
                     -0.190045315730271363596770584081241
                      0.000000000000000000000000000000000
                      0.000000000000000000000000000000000
                7000000.000000000000000000000000000000011
                7000000.000000000000000000000000000000011
                7000000.000000000000000000000000000000011
                      0.120604048847956016321525396506331
                      0.213155269410338937818849558425427
                      0.012626416325943797674957735921453
                      0.146225767879786305858402783997008
                      0.000000000000000000000000000000000
                      0.000000000000000000000000000000000
                     -0.087162967045824421563615658214985
                      0.198643798251795566933708414580906
                     -0.073720898409941157392033517226082
                      0.177356662155873007202799840342777
                      0.000000000000000000000000000000000
                      0.000000000000000000000000000000000
                7000000.000000000000000000000000000000011
                7000000.000000000000000000000000000000011
                7000000.000000000000000000000000000000011
                      0.030507451209500224126314193995313
                     -0.109968601186539033376377005879476
                     -0.140214724736110518676923675229773
                      0.119095767396787968750437869402958
                      0.000000000000000000000000000000000
                      0.000000000000000000000000000000000
                      0.062586321419720716829893092381099
                      0.082726677013181981745759685509256
                      0.113917391323985997542145298666583
                     -0.083396119943206892255460616070195
                      0.000000000000000000000000000000000
                      0.000000000000000000000000000000000
                7000000.000000000000000000000000000000011
                7000000.000000000000000000000000000000011
                7000000.000000000000000000000000000000011
                      0.119161989697239234509140715090325
                     -0.122088609682409157675131439191318
                     -0.051911973295822838592172843164008
                      0.017242269951529044097471299323843
                      0.000000000000000000000000000000000
                      0.000000000000000000000000000000000
                      0.020234840453615655919694660269670
                     -0.026072455209658243480141948111850
                     -0.102433265501777337469491158117307
                     -0.084951153050158823010207242987235
                      0.000000000000000000000000000000000
                      0.000000000000000000000000000000000
                7000000.000000000000000000000000000000011
                7000000.000000000000000000000000000000011
                7000000.000000000000000000000000000000011
                      0.070654482972432250398320263684582
                      0.226073509202125932926463747207890
                     -0.036188390086881815077557433824040
                      0.079400832988894207153940385524038
                      0.000000000000000000000000000000000
                      0.000000000000000000000000000000000
                      0.097533149771346874801203341576183
                     -0.133672648650297098971151399382506
                      0.060984772377691218170348008698056
                      0.283223931779827631238788399059558
                      0.000000000000000000000000000000000
                      0.000000000000000000000000000000000
                7000000.000000000000000000000000000000011
                7000000.000000000000000000000000000000011
                7000000.000000000000000000000000000000011
                      0.059540035826507346772284989810942
                      0.072025645125794290901666272475268
                     -0.126897733108966598303268824565748
                      0.229953933895905043849339222106209
                      0.000000000000000000000000000000000
                      0.000000000000000000000000000000000
                     -0.046583084291284729272497600049974
                      0.171547521280547121680370992180542
                      0.166102509743743464998289027789724
                      0.158031413825838434883408467612753
                      0.000000000000000000000000000000000
                      0.000000000000000000000000000000000
                7000000.000000000000000000000000000000011
                7000000.000000000000000000000000000000011
                7000000.000000000000000000000000000000011
                      0.025425340002756653678961384912327
                      0.234629540009398673827689663085039
                     -0.017508713263506912871658727226531
                      0.266750686823977178896427631116239
                      0.000000000000000000000000000000000
                      0.000000000000000000000000000000000
                      0.087721800787198683790890640921134
                      0.106330965424616702419413627467293
                     -0.104482916497455544102557212227111
                      0.084723214421659781558915369714668
                      0.000000000000000000000000000000000
                      0.000000000000000000000000000000000
                7000000.000000000000000000000000000000011
                7000000.000000000000000000000000000000011
                7000000.000000000000000000000000000000011
                      0.058525885635681604290958546243928
                     -0.083494860683711119575534098657954
                     -0.092709738279071599031944117541570
                     -0.106068705363238216521359902344557
                      0.000000000000000000000000000000000
                      0.000000000000000000000000000000000
                      0.121046732225515901726353718004248
                      0.056684639191589746010091488415128
                      0.062885291330111156571369690482243
                      0.300147056674247625362994540410000
                      0.000000000000000000000000000000000
                      0.000000000000000000000000000000000
                7000000.000000000000000000000000000000011
                7000000.000000000000000000000000000000011
                7000000.000000000000000000000000000000011
                     -0.025840224680955023450756868896860
                      0.055623668020296099245847187830805
                     -0.081548051240693239516410528722190
                      0.399960107650169482962354550181772
                      0.000000000000000000000000000000000
                      0.000000000000000000000000000000000
                      0.011066024920847671378365539851529
                      0.002235614191371391740875695930413
                      0.126609099724445089973912104142073
                      0.302645794466091910823735133817536
                      0.000000000000000000000000000000000
                      0.000000000000000000000000000000000
                7000000.000000000000000000000000000000011
                7000000.000000000000000000000000000000011
                7000000.000000000000000000000000000000011
                     -0.035664357520811977575458939782038
                      0.195871204113965635684735389077105
                     -0.025051899602111602632925624334348
                     -0.079572447843019075697235109601024
                      0.000000000000000000000000000000000
                      0.000000000000000000000000000000000
                      0.010792319832478152255572645401571
                      0.165373018247836928162897152105870
                     -0.140182055256126536502137014394975
                      0.021878211398105286422666182488683
                      0.000000000000000000000000000000000
                      0.000000000000000000000000000000000
                7000000.000000000000000000000000000000011
                7000000.000000000000000000000000000000011
                7000000.000000000000000000000000000000011
                      0.069749031085891116665820277376042
                     -0.055450418916323962470471542474115
                      0.123162885906727567753016217011464
                      0.144946639940012111935629945946857
                      0.000000000000000000000000000000000
                      0.000000000000000000000000000000000
                      0.139043366497200560072400321587338
                      0.027269398402216413201948341793468
                     -0.050042209790363362253984291783127
                      0.119681730490260596067031428901828
                      0.000000000000000000000000000000000
                      0.000000000000000000000000000000000
                7000000.000000000000000000000000000000011
                7000000.000000000000000000000000000000011
                7000000.000000000000000000000000000000011
                      0.136089363054048451129318664243328
                     -0.014743013296751457733013701556501
                      0.006986907654888040164475881965700
                      0.312692518506470173988986971380655
                      0.000000000000000000000000000000000
                      0.000000000000000000000000000000000
                      0.095371175732841581562659882820299
                      0.200190506295188697105658093278180
                      0.068231724603016671859556652179890
                      0.106503000728950913966741609328892
                      0.000000000000000000000000000000000
                      0.000000000000000000000000000000000
                7000000.000000000000000000000000000000011
                7000000.000000000000000000000000000000011
                7000000.000000000000000000000000000000011
                      0.031339144233122562255289267341141
                      0.318601127306056997046113110627630
                     -0.015434192645035364754857454272496
                      0.129695559359536055632489137678931
                      0.000000000000000000000000000000000
                      0.000000000000000000000000000000000
                      0.010864029267620390131754426477073
                      0.050403838694368298389836269279840
                     -0.142715834817537912115881226782221
                      0.215532880358680151156036686188600
                      0.000000000000000000000000000000000
                      0.000000000000000000000000000000000
                7000000.000000000000000000000000000000011
                7000000.000000000000000000000000000000011
                7000000.000000000000000000000000000000011
                     -0.043520940769418606230978241455887
                     -0.077697132447574382418942207095824
                     -0.119105678813917634228936037743551
                      0.267887746084024547243984670785721
                      0.000000000000000000000000000000000
                      0.000000000000000000000000000000000
                     -0.016040165904450995326691042919265
                      0.009354974064446301001973793631805
                      0.046050041980384925910385618408327
                     -0.145297605000558494037221635153401
                      0.000000000000000000000000000000000
                      0.000000000000000000000000000000000
                7000000.000000000000000000000000000000011
                7000000.000000000000000000000000000000011
                7000000.000000000000000000000000000000011
                     -0.071325453469518129701043562818086
                     -0.212694397438012661183392992825247
                      0.105062927349279966460215973711456
                      0.098581471769975309582534350738570
                      0.000000000000000000000000000000000
                      0.000000000000000000000000000000000
                     -0.039072671173414723344574639440907
                     -0.224482001223596294714468513120664
                      0.083029538153497353669685310251225
                     -0.007813374474039621458976156986864
                      0.000000000000000000000000000000000
                      0.000000000000000000000000000000000
                7000000.000000000000000000000000000000011
                7000000.000000000000000000000000000000011
                7000000.000000000000000000000000000000011
                     -0.051794623882656154467696296705981
                     -0.025761652247241872276672935981878
                     -0.051565143350972945934795887978908
                     -0.136681772646561006112619907071348
                      0.000000000000000000000000000000000
                      0.000000000000000000000000000000000
                      0.064029790389813281969999536613614
                      0.211648644082328890592137327075761
                     -0.040402759101229236693431090543527
                      0.255714874107809797543211516313022
                      0.000000000000000000000000000000000
                      0.000000000000000000000000000000000
                7000000.000000000000000000000000000000011
                7000000.000000000000000000000000000000011
                7000000.000000000000000000000000000000011
                     -0.066162432240610691280835453653708
                      0.211314104177557526842434754144051
                      0.067721966014575876724457259570045
                      0.185997636599653487499139714600460
                      0.000000000000000000000000000000000
                      0.000000000000000000000000000000000
                      0.104035277710922496874346165895986
                      0.158066702997808949948677081920323
                     -0.178136091856108735864694381234585
                      0.146138896530833450881914359342773
                      0.000000000000000000000000000000000
                      0.000000000000000000000000000000000
                7000000.000000000000000000000000000000011
                7000000.000000000000000000000000000000011
                7000000.000000000000000000000000000000011
                     -0.195829282840965290812818011545460
                     -0.113906826745433703562682126175787
                     -0.042539978075508522170622427438502
                      0.180552601830265446736234480340499
                      0.000000000000000000000000000000000
                      0.000000000000000000000000000000000
                      0.124659669562418209953769121511868
                     -0.086194750808657058516182303264941
                     -0.067395522994387627169210475130967
                      0.272180355693660169791314729081932
                      0.000000000000000000000000000000000
                      0.000000000000000000000000000000000
                7000000.000000000000000000000000000000011
                7000000.000000000000000000000000000000011
                7000000.000000000000000000000000000000011
                     -0.025254342083745169589281687194671
                     -0.036403925203382668518425901993396
                     -0.035134634033839838573864966519977
                     -0.128946666038619234262441182181647
                      0.000000000000000000000000000000000
                      0.000000000000000000000000000000000
                     -0.008338546961340800867112932337477
                      0.083336470994923209087978932529950
                      0.050632089532911379869961621125185
                     -0.165906567451759773268449293937010
                      0.000000000000000000000000000000000
                      0.000000000000000000000000000000000
                7000000.000000000000000000000000000000011
                7000000.000000000000000000000000000000011
                7000000.000000000000000000000000000000011
                      0.012142666633975949738721844539668
                     -0.259592282980812327775055337042431
                      0.014759282516276926028320204409283
                      0.033916374281338139418107147093906
                      0.000000000000000000000000000000000
                      0.000000000000000000000000000000000
                      0.136547295291765041769238564484112
                     -0.114454251464555969985958938650583
                     -0.010732965622325542354165150982226
                      0.249257217811536424534324396518059
                      0.000000000000000000000000000000000
                      0.000000000000000000000000000000000
                7000000.000000000000000000000000000000011
                7000000.000000000000000000000000000000011
                7000000.000000000000000000000000000000011
                      0.065181976558079252059840769106813
                     -0.159280557987656112839403022007900
                      0.093949509678392384426359740245971
                      0.052961929239702283667146076595600
                      0.000000000000000000000000000000000
                      0.000000000000000000000000000000000
                     -0.101437037253686912485761695279507
                     -0.146851231980250768183182685788779
                     -0.024046485902545006868580301784277
                     -0.043948162511081925729605757169338
                      0.000000000000000000000000000000000
                      0.000000000000000000000000000000000
                7000000.000000000000000000000000000000011
                7000000.000000000000000000000000000000011
                7000000.000000000000000000000000000000011
                      0.014907564220741175223250429837663
                     -0.026521044729624625169162044358018
                      0.128820994010785117023232260180521
                     -0.003439954765331642086434449367971
                      0.000000000000000000000000000000000
                      0.000000000000000000000000000000000
                      0.073381783978387168931867279297876
                      0.127297464553677935894526740412402
                     -0.105974947265392124839955556581117
                      0.073525896077002481088236152118043
                      0.000000000000000000000000000000000
                      0.000000000000000000000000000000000
                7000000.000000000000000000000000000000011
                7000000.000000000000000000000000000000011
                7000000.000000000000000000000000000000011
                     -0.041753194456288084124295778565283
                     -0.113853108712203679453445204217132
                     -0.107994682053689866618739756631840
                      0.012155058867350807330631745628580
                      0.000000000000000000000000000000000
                      0.000000000000000000000000000000000
                     -0.131261805602095826817077295345371
                      0.028124328194358696325627633427757
                     -0.001614212268876602691947130807648
                      0.364366496279311391504052153322846
                      0.000000000000000000000000000000000
                      0.000000000000000000000000000000000
                7000000.000000000000000000000000000000011
                7000000.000000000000000000000000000000011
                7000000.000000000000000000000000000000011
                      0.119374325233856729000514462768479
                      0.158723534402922666908253290785069
                      0.052579098372987409515388890213217
                      0.043187420989964017681295160855370
                      0.000000000000000000000000000000000
                      0.000000000000000000000000000000000
                      0.121899776295329678732493050574703
                     -0.076526965017990875028708330773952
                      0.075418715538905417572479450427636
                      0.030158236642099090635271707583343
                      0.000000000000000000000000000000000
                      0.000000000000000000000000000000000
                7000000.000000000000000000000000000000011
                7000000.000000000000000000000000000000011
                7000000.000000000000000000000000000000011
                      0.001902982484017617112806441959094
                      0.017315386892136842150735631662428
                     -0.123590212360679976844046734640870
                      0.276504288531213615609516409676871
                      0.000000000000000000000000000000000
                      0.000000000000000000000000000000000
                      0.049987112269049907564699708473199
                      0.109327382607222758914566895782627
                      0.045594978378889379488914102012131
                     -0.086106581428581199788574451758905
                      0.000000000000000000000000000000000
                      0.000000000000000000000000000000000
                7000000.000000000000000000000000000000011
                7000000.000000000000000000000000000000011
                7000000.000000000000000000000000000000011
                      0.080608082024840696511169824134413
                      0.194651213272053619229851051386504
                      0.006112097771982966630532896346040
                      0.342303246126064053544979515208979
                      0.000000000000000000000000000000000
                      0.000000000000000000000000000000000
                      0.010668003754147831543819258115491
                     -0.233518544225917806800296716573939
                      0.066910483365624676133087689322565
                      0.009766307001332113352232155989441
                      0.000000000000000000000000000000000
                      0.000000000000000000000000000000000
                7000000.000000000000000000000000000000011
                7000000.000000000000000000000000000000011
                7000000.000000000000000000000000000000011
                      0.059283448959838426495227992063519
                     -0.044227378714346073096397304880156
                      0.100301996157182771174376512135495
                      0.305327382100215427573886017853511
                      0.000000000000000000000000000000000
                      0.000000000000000000000000000000000
                     -0.038139716293859725337878074924447
                     -0.221579395387169891806777854981192
                     -0.098002546551208463698756645499088
                      0.182140573110421338798303736439266
                      0.000000000000000000000000000000000
                      0.000000000000000000000000000000000
                7000000.000000000000000000000000000000011
                7000000.000000000000000000000000000000011
                7000000.000000000000000000000000000000011
                      0.060490361070635621787427993467645
                     -0.213882386422355907917847162025282
                      0.105412902709207376150679635884444
                     -0.066808664794496944172585983778845
                      0.000000000000000000000000000000000
                      0.000000000000000000000000000000000
                      0.013562776645817627152457163219879
                     -0.055920116677092748802557764520316
                     -0.026892059491714401242568044381187
                     -0.126502723848200465672775294478924
                      0.000000000000000000000000000000000
                      0.000000000000000000000000000000000
                7000000.000000000000000000000000000000011
                7000000.000000000000000000000000000000011
                7000000.000000000000000000000000000000011
                      0.075236895761698979745446536071540
                      0.223013974434491168974403763058945
                      0.105183494931819554452090414997656
                      0.076089740717520018553621241608198
                      0.000000000000000000000000000000000
                      0.000000000000000000000000000000000
                      0.008751769110875768156732057434510
                      0.060446316130717887837864310540681
                      0.058495703643884025546562099862058
                      0.389536043101325557547198741303873
                      0.000000000000000000000000000000000
                      0.000000000000000000000000000000000
                7000000.000000000000000000000000000000011
                7000000.000000000000000000000000000000011
                7000000.000000000000000000000000000000011
                      0.163525452113556235556046658530249
                      0.005422748821164350731260928029087
                     -0.010015556178161463124487440268240
                      0.140769382674504145436245039491041
                      0.000000000000000000000000000000000
                      0.000000000000000000000000000000000
                     -0.067348146490218682713724263066979
                     -0.227944823950440605964118390147632
                      0.023144283476590452736099123853819
                      0.214078626910898239810165932794916
                      0.000000000000000000000000000000000
                      0.000000000000000000000000000000000
                7000000.000000000000000000000000000000011
                7000000.000000000000000000000000000000011
                7000000.000000000000000000000000000000011
                     -0.087299470096093303994599921225017
                     -0.185723330354537002895298769544752
                     -0.080921941248331089036049945661944
                      0.143658750449022931672260483537684
                      0.000000000000000000000000000000000
                      0.000000000000000000000000000000000
                      0.026171214207491522163451236338005
                      0.050352698715056862233119261418324
                     -0.060659575161405021592742059510783
                     -0.190045315730271363596770584081241
                      0.000000000000000000000000000000000
                      0.000000000000000000000000000000000
                7000000.000000000000000000000000000000011
                7000000.000000000000000000000000000000011
                7000000.000000000000000000000000000000011
                      0.120604048847956016321525396506331
                      0.213155269410338937818849558425427
                      0.012626416325943797674957735921453
                      0.146225767879786305858402783997008
                      0.000000000000000000000000000000000
                      0.000000000000000000000000000000000
                     -0.087162967045824421563615658214985
                      0.198643798251795566933708414580906
                     -0.073720898409941157392033517226082
                      0.177356662155873007202799840342777
                      0.000000000000000000000000000000000
                      0.000000000000000000000000000000000
                7000000.000000000000000000000000000000011
                7000000.000000000000000000000000000000011
                7000000.000000000000000000000000000000011
                      0.030507451209500224126314193995313
                     -0.109968601186539033376377005879476
                     -0.140214724736110518676923675229773
                      0.119095767396787968750437869402958
                      0.000000000000000000000000000000000
                      0.000000000000000000000000000000000
                      0.062586321419720716829893092381099
                      0.082726677013181981745759685509256
                      0.113917391323985997542145298666583
                     -0.083396119943206892255460616070195
                      0.000000000000000000000000000000000
                      0.000000000000000000000000000000000
                7000000.000000000000000000000000000000011
                7000000.000000000000000000000000000000011
                7000000.000000000000000000000000000000011
                      0.119161989697239234509140715090325
                     -0.122088609682409157675131439191318
                     -0.051911973295822838592172843164008
                      0.017242269951529044097471299323843
                      0.000000000000000000000000000000000
                      0.000000000000000000000000000000000
                      0.020234840453615655919694660269670
                     -0.026072455209658243480141948111850
                     -0.102433265501777337469491158117307
                     -0.084951153050158823010207242987235
                      0.000000000000000000000000000000000
                      0.000000000000000000000000000000000
                7000000.000000000000000000000000000000011
                7000000.000000000000000000000000000000011
                7000000.000000000000000000000000000000011
                      0.070654482972432250398320263684582
                      0.226073509202125932926463747207890
                     -0.036188390086881815077557433824040
                      0.079400832988894207153940385524038
                      0.000000000000000000000000000000000
                      0.000000000000000000000000000000000
                      0.097533149771346874801203341576183
                     -0.133672648650297098971151399382506
                      0.060984772377691218170348008698056
                      0.283223931779827631238788399059558
                      0.000000000000000000000000000000000
                      0.000000000000000000000000000000000
                7000000.000000000000000000000000000000011
                7000000.000000000000000000000000000000011
                7000000.000000000000000000000000000000011
                      0.059540035826507346772284989810942
                      0.072025645125794290901666272475268
                     -0.126897733108966598303268824565748
                      0.229953933895905043849339222106209
                      0.000000000000000000000000000000000
                      0.000000000000000000000000000000000
                     -0.046583084291284729272497600049974
                      0.171547521280547121680370992180542
                      0.166102509743743464998289027789724
                      0.158031413825838434883408467612753
                      0.000000000000000000000000000000000
                      0.000000000000000000000000000000000
                7000000.000000000000000000000000000000011
                7000000.000000000000000000000000000000011
                7000000.000000000000000000000000000000011
                      0.025425340002756653678961384912327
                      0.234629540009398673827689663085039
                     -0.017508713263506912871658727226531
                      0.266750686823977178896427631116239
                      0.000000000000000000000000000000000
                      0.000000000000000000000000000000000
                      0.087721800787198683790890640921134
                      0.106330965424616702419413627467293
                     -0.104482916497455544102557212227111
                      0.084723214421659781558915369714668
                      0.000000000000000000000000000000000
                      0.000000000000000000000000000000000
                7000000.000000000000000000000000000000011
                7000000.000000000000000000000000000000011
                7000000.000000000000000000000000000000011
                      0.058525885635681604290958546243928
                     -0.083494860683711119575534098657954
                     -0.092709738279071599031944117541570
                     -0.106068705363238216521359902344557
                      0.000000000000000000000000000000000
                      0.000000000000000000000000000000000
                      0.121046732225515901726353718004248
                      0.056684639191589746010091488415128
                      0.062885291330111156571369690482243
                      0.300147056674247625362994540410000
                      0.000000000000000000000000000000000
                      0.000000000000000000000000000000000
                7000000.000000000000000000000000000000011
                7000000.000000000000000000000000000000011
                7000000.000000000000000000000000000000011
                     -0.025840224680955023450756868896860
                      0.055623668020296099245847187830805
                     -0.081548051240693239516410528722190
                      0.399960107650169482962354550181772
                      0.000000000000000000000000000000000
                      0.000000000000000000000000000000000
                      0.011066024920847671378365539851529
                      0.002235614191371391740875695930413
                      0.126609099724445089973912104142073
                      0.302645794466091910823735133817536
                      0.000000000000000000000000000000000
                      0.000000000000000000000000000000000
                7000000.000000000000000000000000000000011
                7000000.000000000000000000000000000000011
                7000000.000000000000000000000000000000011
                     -0.035664357520811977575458939782038
                      0.195871204113965635684735389077105
                     -0.025051899602111602632925624334348
                     -0.079572447843019075697235109601024
                      0.000000000000000000000000000000000
                      0.000000000000000000000000000000000
                      0.010792319832478152255572645401571
                      0.165373018247836928162897152105870
                     -0.140182055256126536502137014394975
                      0.021878211398105286422666182488683
                      0.000000000000000000000000000000000
                      0.000000000000000000000000000000000
                7000000.000000000000000000000000000000011
                7000000.000000000000000000000000000000011
                7000000.000000000000000000000000000000011
                      0.069749031085891116665820277376042
                     -0.055450418916323962470471542474115
                      0.123162885906727567753016217011464
                      0.144946639940012111935629945946857
                      0.000000000000000000000000000000000
                      0.000000000000000000000000000000000
                      0.139043366497200560072400321587338
                      0.027269398402216413201948341793468
                     -0.050042209790363362253984291783127
                      0.119681730490260596067031428901828
                      0.000000000000000000000000000000000
                      0.000000000000000000000000000000000
                7000000.000000000000000000000000000000011
                7000000.000000000000000000000000000000011
                7000000.000000000000000000000000000000011
                      0.136089363054048451129318664243328
                     -0.014743013296751457733013701556501
                      0.006986907654888040164475881965700
                      0.312692518506470173988986971380655
                      0.000000000000000000000000000000000
                      0.000000000000000000000000000000000
                      0.095371175732841581562659882820299
                      0.200190506295188697105658093278180
                      0.068231724603016671859556652179890
                      0.106503000728950913966741609328892
                      0.000000000000000000000000000000000
                      0.000000000000000000000000000000000
                7000000.000000000000000000000000000000011
                7000000.000000000000000000000000000000011
                7000000.000000000000000000000000000000011
                      0.031339144233122562255289267341141
                      0.318601127306056997046113110627630
                     -0.015434192645035364754857454272496
                      0.129695559359536055632489137678931
                      0.000000000000000000000000000000000
                      0.000000000000000000000000000000000
                      0.010864029267620390131754426477073
                      0.050403838694368298389836269279840
                     -0.142715834817537912115881226782221
                      0.215532880358680151156036686188600
                      0.000000000000000000000000000000000
                      0.000000000000000000000000000000000
                7000000.000000000000000000000000000000011
                7000000.000000000000000000000000000000011
                7000000.000000000000000000000000000000011
