            0.058739422047745577792898785673970
            0.000000000000000000000000000000000
            0.139658287220540910933408440541825
            0.147499999999999992228438827623904
            0.000000000000000000000000000000000
            0.000000000000000000000000000000000
           -0.025767571034554390130288936688885
            0.000000000000000000000000000000000
           -0.162104534897616670008346773101948
            0.147499999999999992228438827623904
            0.000000000000000000000000000000000
            0.000000000000000000000000000000000
      7000000.000000000000000000000000000000000
      7000000.000000000000000000000000000000000
      7000000.000000000000000000000000000000000
            0.123319066461649501365016590170853
            0.000000000000000000000000000000000
           -0.100247548275937251038847364270623
            0.147499999999999992228438827623904
            0.000000000000000000000000000000000
            0.000000000000000000000000000000000
           -0.120481109048960102758663026634167
            0.000000000000000000000000000000000
           -0.113655594252180719427869348692184
            0.147499999999999992228438827623904
            0.000000000000000000000000000000000
            0.000000000000000000000000000000000
      7000000.000000000000000000000000000000000
      7000000.000000000000000000000000000000000
      7000000.000000000000000000000000000000000
            0.045677429569171985879183495171674
            0.000000000000000000000000000000000
           -0.155652104141854763508234782420914
            0.147499999999999992228438827623904
            0.000000000000000000000000000000000
            0.000000000000000000000000000000000
           -0.159324729696523503807981114732684
            0.000000000000000000000000000000000
           -0.008569057192953970225612891908895
            0.147499999999999992228438827623904
            0.000000000000000000000000000000000
            0.000000000000000000000000000000000
      7000000.000000000000000000000000000000000
      7000000.000000000000000000000000000000000
      7000000.000000000000000000000000000000000
           -0.157168486664280321329911771499610
            0.000000000000000000000000000000000
            0.019082619319769490717764170994997
            0.147499999999999992228438827623904
            0.000000000000000000000000000000000
            0.000000000000000000000000000000000
           -0.051559029772607026242958738748712
            0.000000000000000000000000000000000
           -0.154930986895187861041023325014976
            0.147499999999999992228438827623904
            0.000000000000000000000000000000000
            0.000000000000000000000000000000000
      7000000.000000000000000000000000000000000
      7000000.000000000000000000000000000000000
      7000000.000000000000000000000000000000000
           -0.132136771735381658432473273023788
            0.000000000000000000000000000000000
           -0.093252363948397212767282837830862
            0.147499999999999992228438827623904
            0.000000000000000000000000000000000
            0.000000000000000000000000000000000
            0.131700779700685666195880685336306
            0.000000000000000000000000000000000
            0.087185704501031302537938927343930
            0.147499999999999992228438827623904
            0.000000000000000000000000000000000
            0.000000000000000000000000000000000
      7000000.000000000000000000000000000000000
      7000000.000000000000000000000000000000000
      7000000.000000000000000000000000000000000
            0.028515406062319479524314047580447
            0.000000000000000000000000000000000
            0.156171066978876060815650816948619
            0.147499999999999992228438827623904
            0.000000000000000000000000000000000
            0.000000000000000000000000000000000
            0.065320486692202292533515617378725
            0.000000000000000000000000000000000
            0.143998362849647593142421442280465
            0.147499999999999992228438827623904
            0.000000000000000000000000000000000
            0.000000000000000000000000000000000
      7000000.000000000000000000000000000000000
      7000000.000000000000000000000000000000000
      7000000.000000000000000000000000000000000
           -0.153908164566149890939428246383613
            0.000000000000000000000000000000000
           -0.012980272262681053288546628721178
            0.147499999999999992228438827623904
            0.000000000000000000000000000000000
            0.000000000000000000000000000000000
            0.159332001892636021533888879275764
            0.000000000000000000000000000000000
           -0.034584134156657134195889113925659
            0.147499999999999992228438827623904
            0.000000000000000000000000000000000
            0.000000000000000000000000000000000
      7000000.000000000000000000000000000000000
      7000000.000000000000000000000000000000000
      7000000.000000000000000000000000000000000
            0.113514763157329584553068002605869
            0.000000000000000000000000000000000
            0.102433559757325973182950917816925
            0.147499999999999992228438827623904
            0.000000000000000000000000000000000
            0.000000000000000000000000000000000
            0.129276853485802700749474070107681
            0.000000000000000000000000000000000
           -0.104137026995203815782353728991438
            0.147499999999999992228438827623904
            0.000000000000000000000000000000000
            0.000000000000000000000000000000000
      7000000.000000000000000000000000000000000
      7000000.000000000000000000000000000000000
      7000000.000000000000000000000000000000000
           -0.013576063999748649510634912473961
            0.000000000000000000000000000000000
            0.156530201042772793007529230635555
            0.147499999999999992228438827623904
            0.000000000000000000000000000000000
            0.000000000000000000000000000000000
           -0.109828487291773191358856820443179
            0.000000000000000000000000000000000
           -0.115517907817182463592331487234333
            0.147499999999999992228438827623904
            0.000000000000000000000000000000000
            0.000000000000000000000000000000000
      7000000.000000000000000000000000000000000
      7000000.000000000000000000000000000000000
      7000000.000000000000000000000000000000000
           -0.081129613859430252387205939612613
            0.000000000000000000000000000000000
           -0.136932058822699265210331986963865
            0.147499999999999992228438827623904
            0.000000000000000000000000000000000
            0.000000000000000000000000000000000
            0.114337488480970944637604702620592
            0.000000000000000000000000000000000
           -0.119837933402476504163303161476506
            0.147499999999999992228438827623904
            0.000000000000000000000000000000000
            0.000000000000000000000000000000000
      7000000.000000000000000000000000000000000
      7000000.000000000000000000000000000000000
      7000000.000000000000000000000000000000000
            0.146132352617201088929022034790250
            0.000000000000000000000000000000000
           -0.065095738860978566431292335892067
            0.147499999999999992228438827623904
            0.000000000000000000000000000000000
            0.000000000000000000000000000000000
            0.119504219429106009475738403580181
            0.000000000000000000000000000000000
            0.111930797928004213681596468177304
            0.147499999999999992228438827623904
            0.000000000000000000000000000000000
            0.000000000000000000000000000000000
      7000000.000000000000000000000000000000000
      7000000.000000000000000000000000000000000
      7000000.000000000000000000000000000000000
           -0.004731296008436346525738436241681
            0.000000000000000000000000000000000
            0.152168605458362388160864497876901
            0.147499999999999992228438827623904
            0.000000000000000000000000000000000
            0.000000000000000000000000000000000
           -0.077869836906389169883802026106423
            0.000000000000000000000000000000000
           -0.135074557362841601859670959129289
            0.147499999999999992228438827623904
            0.000000000000000000000000000000000
            0.000000000000000000000000000000000
      7000000.000000000000000000000000000000000
      7000000.000000000000000000000000000000000
      7000000.000000000000000000000000000000000
           -0.128103846244922131569765610947798
            0.000000000000000000000000000000000
            0.092892849226451260080672511776356
            0.147499999999999992228438827623904
            0.000000000000000000000000000000000
            0.000000000000000000000000000000000
            0.130908837567866143114514443368535
            0.000000000000000000000000000000000
           -0.085602603438228772048113057735463
            0.147499999999999992228438827623904
            0.000000000000000000000000000000000
            0.000000000000000000000000000000000
      7000000.000000000000000000000000000000000
      7000000.000000000000000000000000000000000
      7000000.000000000000000000000000000000000
           -0.060710223142975999754966665022948
            0.000000000000000000000000000000000
           -0.141833510244035149172603382794478
            0.147499999999999992228438827623904
            0.000000000000000000000000000000000
            0.000000000000000000000000000000000
            0.132731695754604833714651590526046
            0.000000000000000000000000000000000
            0.081937758109144026574810482088651
            0.147499999999999992228438827623904
            0.000000000000000000000000000000000
            0.000000000000000000000000000000000
      7000000.000000000000000000000000000000000
      7000000.000000000000000000000000000000000
      7000000.000000000000000000000000000000000
            0.080448575134562633204282633414550
            0.000000000000000000000000000000000
           -0.129454457821634477676653318667377
            0.147499999999999992228438827623904
            0.000000000000000000000000000000000
            0.000000000000000000000000000000000
           -0.032059234076692186277135476757394
            0.000000000000000000000000000000000
           -0.149058613326735839299530539392435
            0.147499999999999992228438827623904
            0.000000000000000000000000000000000
            0.000000000000000000000000000000000
      7000000.000000000000000000000000000000000
      7000000.000000000000000000000000000000000
      7000000.000000000000000000000000000000000
            0.118675703725078490746724924065347
            0.000000000000000000000000000000000
            0.112098144604137722746273198026756
            0.147499999999999992228438827623904
            0.000000000000000000000000000000000
            0.000000000000000000000000000000000
           -0.016118029453238744141962968114967
            0.000000000000000000000000000000000
            0.156701150155425239507422929818858
            0.147499999999999992228438827623904
            0.000000000000000000000000000000000
            0.000000000000000000000000000000000
      7000000.000000000000000000000000000000000
      7000000.000000000000000000000000000000000
      7000000.000000000000000000000000000000000
           -0.155312553128471891872308674464875
            0.000000000000000000000000000000000
           -0.024086753451761564598365694678250
            0.147499999999999992228438827623904
            0.000000000000000000000000000000000
            0.000000000000000000000000000000000
           -0.152016047421561245611698609536688
            0.000000000000000000000000000000000
            0.021609522678590658423258830111990
            0.147499999999999992228438827623904
            0.000000000000000000000000000000000
            0.000000000000000000000000000000000
      7000000.000000000000000000000000000000000
      7000000.000000000000000000000000000000000
      7000000.000000000000000000000000000000000
            0.132960814219617751152924256530241
            0.000000000000000000000000000000000
            0.071267188908136866465348191468365
            0.147499999999999992228438827623904
            0.000000000000000000000000000000000
            0.000000000000000000000000000000000
           -0.093201987760741844546430456830421
            0.000000000000000000000000000000000
           -0.135446497420283834545173817787145
            0.147499999999999992228438827623904
            0.000000000000000000000000000000000
            0.000000000000000000000000000000000
      7000000.000000000000000000000000000000000
      7000000.000000000000000000000000000000000
      7000000.000000000000000000000000000000000
           -0.144232786211380720198249605346064
            0.000000000000000000000000000000000
           -0.082405351188846731602666295657400
            0.147499999999999992228438827623904
            0.000000000000000000000000000000000
            0.000000000000000000000000000000000
           -0.159041670510751576017582920030691
            0.000000000000000000000000000000000
            0.005679629452956373204808304677726
            0.147499999999999992228438827623904
            0.000000000000000000000000000000000
            0.000000000000000000000000000000000
      7000000.000000000000000000000000000000000
      7000000.000000000000000000000000000000000
      7000000.000000000000000000000000000000000
            0.066338704087896785410727318321733
            0.000000000000000000000000000000000
            0.138940645243130295183320299656771
            0.147499999999999992228438827623904
            0.000000000000000000000000000000000
            0.000000000000000000000000000000000
            0.080298927744620704483047290977993
            0.000000000000000000000000000000000
           -0.136099517860747032393931021942990
            0.147499999999999992228438827623904
            0.000000000000000000000000000000000
            0.000000000000000000000000000000000
      7000000.000000000000000000000000000000000
      7000000.000000000000000000000000000000000
      7000000.000000000000000000000000000000000
           -0.131931858985511268889112557189947
            0.000000000000000000000000000000000
            0.098693115026683153612196974791004
            0.147499999999999992228438827623904
            0.000000000000000000000000000000000
            0.000000000000000000000000000000000
            0.025991678247956933461848549882234
            0.000000000000000000000000000000000
           -0.159908507619771017571608240359637
            0.147499999999999992228438827623904
            0.000000000000000000000000000000000
            0.000000000000000000000000000000000
      7000000.000000000000000000000000000000000
      7000000.000000000000000000000000000000000
      7000000.000000000000000000000000000000000
            0.157694276048985726479401137112291
            0.000000000000000000000000000000000
            0.012778184923432389305530954004553
            0.147499999999999992228438827623904
            0.000000000000000000000000000000000
            0.000000000000000000000000000000000
            0.121706941828940581884488381092524
            0.000000000000000000000000000000000
           -0.100100702213028636133884674563888
            0.147499999999999992228438827623904
            0.000000000000000000000000000000000
            0.000000000000000000000000000000000
      7000000.000000000000000000000000000000000
      7000000.000000000000000000000000000000000
      7000000.000000000000000000000000000000000
            0.071296069949424667466786331715412
            0.000000000000000000000000000000000
            0.140200674235754357832561822760908
            0.147499999999999992228438827623904
            0.000000000000000000000000000000000
            0.000000000000000000000000000000000
            0.084009323202745747605213466613350
            0.000000000000000000000000000000000
           -0.134428174394093713495124120527180
            0.147499999999999992228438827623904
            0.000000000000000000000000000000000
            0.000000000000000000000000000000000
      7000000.000000000000000000000000000000000
      7000000.000000000000000000000000000000000
      7000000.000000000000000000000000000000000
            0.145026606705262128826916523394175
            0.000000000000000000000000000000000
            0.040500291765679929945065396168502
            0.147499999999999992228438827623904
            0.000000000000000000000000000000000
            0.000000000000000000000000000000000
           -0.118600966012577510588776874556061
            0.000000000000000000000000000000000
           -0.109630811423578833352365791142802
            0.147499999999999992228438827623904
            0.000000000000000000000000000000000
            0.000000000000000000000000000000000
      7000000.000000000000000000000000000000000
      7000000.000000000000000000000000000000000
      7000000.000000000000000000000000000000000
            0.047684689919717554440481421806908
            0.000000000000000000000000000000000
           -0.153762984527247736910027242629440
            0.147499999999999992228438827623904
            0.000000000000000000000000000000000
            0.000000000000000000000000000000000
           -0.116883517160346381280611183228757
            0.000000000000000000000000000000000
            0.110000831003955426568019504429685
            0.147499999999999992228438827623904
            0.000000000000000000000000000000000
            0.000000000000000000000000000000000
      7000000.000000000000000000000000000000000
      7000000.000000000000000000000000000000000
      7000000.000000000000000000000000000000000
           -0.043996166015234608459572029914852
            0.000000000000000000000000000000000
           -0.156121430803182498214809470482578
            0.147499999999999992228438827623904
            0.000000000000000000000000000000000
            0.000000000000000000000000000000000
            0.007390041600355548231937596881380
            0.000000000000000000000000000000000
            0.160721265025122128644596841695602
            0.147499999999999992228438827623904
            0.000000000000000000000000000000000
            0.000000000000000000000000000000000
      7000000.000000000000000000000000000000000
      7000000.000000000000000000000000000000000
      7000000.000000000000000000000000000000000
            0.112699120445480263641435669796920
            0.000000000000000000000000000000000
            0.114590073411879017628578480980650
            0.147499999999999992228438827623904
            0.000000000000000000000000000000000
            0.000000000000000000000000000000000
            0.068551066522319084595160632034094
            0.000000000000000000000000000000000
           -0.149514350691794639658382948255166
            0.147499999999999992228438827623904
            0.000000000000000000000000000000000
            0.000000000000000000000000000000000
      7000000.000000000000000000000000000000000
      7000000.000000000000000000000000000000000
      7000000.000000000000000000000000000000000
           -0.072330180693272128067405901674647
            0.000000000000000000000000000000000
            0.131984317347006135934250892205455
            0.147499999999999992228438827623904
            0.000000000000000000000000000000000
            0.000000000000000000000000000000000
           -0.151413814860831663633433663562755
            0.000000000000000000000000000000000
            0.026054302991323906313336777884615
            0.147499999999999992228438827623904
            0.000000000000000000000000000000000
            0.000000000000000000000000000000000
      7000000.000000000000000000000000000000000
      7000000.000000000000000000000000000000000
      7000000.000000000000000000000000000000000
           -0.142778176453792010613952356834488
            0.000000000000000000000000000000000
           -0.074231733567328109235639033158805
            0.147499999999999992228438827623904
            0.000000000000000000000000000000000
            0.000000000000000000000000000000000
            0.144623473715017297758222980519349
            0.000000000000000000000000000000000
            0.071835342795844456253995247152488
            0.147499999999999992228438827623904
            0.000000000000000000000000000000000
            0.000000000000000000000000000000000
      7000000.000000000000000000000000000000000
      7000000.000000000000000000000000000000000
      7000000.000000000000000000000000000000000
            0.142796546286313413842705699607905
            0.000000000000000000000000000000000
           -0.071246261249716502650386473760591
            0.147499999999999992228438827623904
            0.000000000000000000000000000000000
            0.000000000000000000000000000000000
            0.030039016298290213691224437297933
            0.000000000000000000000000000000000
           -0.149804291608587547557362995576113
            0.147499999999999992228438827623904
            0.000000000000000000000000000000000
            0.000000000000000000000000000000000
      7000000.000000000000000000000000000000000
      7000000.000000000000000000000000000000000
      7000000.000000000000000000000000000000000
