 62.000000  0.103492
 62.015625  0.098495
 62.031250  0.167426
 62.046875  0.042848
 62.062500  0.151703
 62.078125  0.020070
 62.093750  0.144653
 62.109375  0.161503
 62.125000  0.182757
 62.140625  0.275249
 62.156250  0.284936
 62.171875  0.109821
 62.187500  0.295256
 62.203125  1.000000
 62.218750  0.988086
 62.234375  0.574309
 62.250000  0.332072
 62.265625  0.573443
 62.281250  0.242258
 62.296875  0.173361
 62.312500  0.583207
 62.328125  0.342053
 62.343750  0.363159
 62.359375  0.705728
 62.375000  0.301910
 62.390625  0.376261
 62.406250  0.756681
 62.421875  0.335556
 62.437500  0.037076
 62.453125  0.209858
 62.468750  0.872042
 62.484375  0.423773
