 60.000000  0.366215
 60.015625  0.355979
 60.031250  0.742746
 60.046875  0.182309
 60.062500  0.912512
 60.078125  0.271199
 60.093750  0.407515
 60.109375  0.220741
 60.125000  0.054046
 60.140625  0.019300
 60.156250  0.205582
 60.171875  0.013863
 60.187500  0.245526
 60.203125  0.237631
 60.218750  0.091552
 60.234375  0.446898
 60.250000  0.112591
 60.265625  1.000000
 60.281250  0.277396
 60.296875  0.738637
 60.312500  0.330171
 60.328125  0.111698
 60.343750  0.025396
 60.359375  0.081997
 60.375000  0.188992
 60.390625  0.196645
 60.406250  0.125001
 60.421875  0.143285
 60.437500  0.093796
 60.453125  0.273239
 60.468750  0.111386
 60.484375  0.171037
