
 ETALL    1, NO =    1, NV =    4, INA =  302
 *********************************************

    I  COEFFICIENT          ORDER   EXPONENTS
     1  0.20005130396580E-07    0     0 0  0 0
0.20005130396580E-07
     2  -.28634004543578        1     1 0  0 0
-.28634004543578    
     3  0.52096914787749        1     0 1  0 0
0.52096914787749    
     4  -.17662026559042E-02    1     0 0  1 0
-.17662026559042E-02
     5  -.84059551338767E-03    1     0 0  0 1
-.84059551338767E-03
                                      

 ETALL    2, NO =    1, NV =    4, INA =  303
 *********************************************

    I  COEFFICIENT          ORDER   EXPONENTS
     1  0.12670586446020E-06    0     0 0  0 0
0.12670586446020E-06
     2  -1.7261111084262        1     1 0  0 0
-1.7261111084262    
     3  -.35184063476892        1     0 1  0 0
-.35184063476892    
     4  -.25793146761793E-03    1     0 0  1 0
-.25793146761793E-03
     5  -.19930701358512E-02    1     0 0  0 1
-.19930701358512E-02
                                      

 ETALL    3, NO =    1, NV =    4, INA =  304
 *********************************************

    I  COEFFICIENT          ORDER   EXPONENTS
     1  0.47670845556604E-08    0     0 0  0 0
0.47670845556604E-08
     2  -.18354229319242E-02    1     1 0  0 0
-.18354229319242E-02
     3  -.86002108250448E-03    1     0 1  0 0
-.86002108250448E-03
     4  -.35454620754982        1     0 0  1 0
-.35454620754982    
     5  0.51207444473881        1     0 0  0 1
0.51207444473881    
                                      

 ETALL    4, NO =    1, NV =    4, INA =  305
 *********************************************

    I  COEFFICIENT          ORDER   EXPONENTS
     1  0.14250000028248        0     0 0  0 0
0.14250000028248    
     2  -.30903702990714E-03    1     1 0  0 0
-.30903702990714E-03
     3  -.19445807507501E-02    1     0 1  0 0
-.19445807507501E-02
     4  -1.6804703548666        1     0 0  1 0
-1.6804703548666    
     5  -.39337826722828        1     0 0  0 1
-.39337826722828    
                                      
