           -0.063811297049174972584317799828568
            0.000001249918361000000101187741922
            0.198728568036255381912269513122737
            0.142516265800000013763693118562514
            0.000000000000000000000000000000000
            0.000000000000000000000000000000000
           -0.197291260546210905912900557268586
            0.000001249918361000000101187741922
            0.023820869501050695449251293212001
            0.142516265800000013763693118562514
            0.000000000000000000000000000000000
            0.000000000000000000000000000000000
      7000000.000000000000000000000000000000000
      7000000.000000000000000000000000000000000
      7000000.000000000000000000000000000000000
           -0.098063519077135535839673252667126
            0.000001249918361000000101187741922
           -0.120848022612533176345372964988201
            0.142516265800000013763693118562514
            0.000000000000000000000000000000000
            0.000000000000000000000000000000000
           -0.090548105467037426352661100281694
            0.000001249918361000000101187741922
           -0.029242030167426501935379334895515
            0.142516265800000013763693118562514
            0.000000000000000000000000000000000
            0.000000000000000000000000000000000
      7000000.000000000000000000000000000000000
      7000000.000000000000000000000000000000000
      7000000.000000000000000000000000000000000
           -0.082333047984632354299172618539160
            0.000001249918361000000101187741922
            0.007962361687396226142543476100855
            0.142516265800000013763693118562514
            0.000000000000000000000000000000000
            0.000000000000000000000000000000000
           -0.093323470056965548979910352045408
            0.000001249918361000000101187741922
           -0.092010521411689416559909204806900
            0.142516265800000013763693118562514
            0.000000000000000000000000000000000
            0.000000000000000000000000000000000
      7000000.000000000000000000000000000000000
      7000000.000000000000000000000000000000000
      7000000.000000000000000000000000000000000
           -0.047875334832943886032019520371250
            0.000001249918361000000101187741922
            0.110563248485735829418352693664929
            0.142516265800000013763693118562514
            0.000000000000000000000000000000000
            0.000000000000000000000000000000000
           -0.101658831287717688063310106372228
            0.000001249918361000000101187741922
           -0.072009582244342812407111864558829
            0.142516265800000013763693118562514
            0.000000000000000000000000000000000
            0.000000000000000000000000000000000
      7000000.000000000000000000000000000000000
      7000000.000000000000000000000000000000000
      7000000.000000000000000000000000000000000
            0.139356009374632328068344122584676
            0.000001249918361000000101187741922
           -0.154148329839207232083708731806837
            0.142516265800000013763693118562514
            0.000000000000000000000000000000000
            0.000000000000000000000000000000000
            0.106239517822904194765953889145749
            0.000001249918361000000101187741922
            0.030638299907370332431089110514222
            0.142516265800000013763693118562514
            0.000000000000000000000000000000000
            0.000000000000000000000000000000000
      7000000.000000000000000000000000000000000
      7000000.000000000000000000000000000000000
      7000000.000000000000000000000000000000000
            0.157665986715975842136217011102417
            0.000001249918361000000101187741922
           -0.132722686708985571080177123803878
            0.142516265800000013763693118562514
            0.000000000000000000000000000000000
            0.000000000000000000000000000000000
            0.035825972289677709969879515483626
            0.000001249918361000000101187741922
            0.094350926249613040197594671099068
            0.142516265800000013763693118562514
            0.000000000000000000000000000000000
            0.000000000000000000000000000000000
      7000000.000000000000000000000000000000000
      7000000.000000000000000000000000000000000
      7000000.000000000000000000000000000000000
           -0.174417373691811150582253731045057
            0.000001249918361000000101187741922
           -0.033119589659064294084878099511116
            0.142516265800000013763693118562514
            0.000000000000000000000000000000000
            0.000000000000000000000000000000000
           -0.177326298917040686697887963418907
            0.000001249918361000000101187741922
            0.079604362826277086373494284998742
            0.142516265800000013763693118562514
            0.000000000000000000000000000000000
            0.000000000000000000000000000000000
      7000000.000000000000000000000000000000000
      7000000.000000000000000000000000000000000
      7000000.000000000000000000000000000000000
            0.047064850439456046293784652334580
            0.000001249918361000000101187741922
           -0.191178374277552576288030650175642
            0.142516265800000013763693118562514
            0.000000000000000000000000000000000
            0.000000000000000000000000000000000
            0.129496543844324990546468256980006
            0.000001249918361000000101187741922
            0.044777540073794371011661752390864
            0.142516265800000013763693118562514
            0.000000000000000000000000000000000
            0.000000000000000000000000000000000
      7000000.000000000000000000000000000000000
      7000000.000000000000000000000000000000000
      7000000.000000000000000000000000000000000
            0.099842758160409217360609090974322
            0.000001249918361000000101187741922
           -0.033038808312774024800173577887108
            0.142516265800000013763693118562514
            0.000000000000000000000000000000000
            0.000000000000000000000000000000000
           -0.126615355055784195581480844339239
            0.000001249918361000000101187741922
           -0.028879187624847663801164188157600
            0.142516265800000013763693118562514
            0.000000000000000000000000000000000
            0.000000000000000000000000000000000
      7000000.000000000000000000000000000000000
      7000000.000000000000000000000000000000000
      7000000.000000000000000000000000000000000
            0.199298056190840261470142991129251
            0.000001249918361000000101187741922
           -0.009183994469440657365533198230878
            0.142516265800000013763693118562514
            0.000000000000000000000000000000000
            0.000000000000000000000000000000000
           -0.036059145421214022775302510126494
            0.000001249918361000000101187741922
           -0.079679581007364011502325240599021
            0.142516265800000013763693118562514
            0.000000000000000000000000000000000
            0.000000000000000000000000000000000
      7000000.000000000000000000000000000000000
      7000000.000000000000000000000000000000000
      7000000.000000000000000000000000000000000
           -0.155384755807396579552204229912604
            0.000001249918361000000101187741922
           -0.150931639831337754964479813679645
            0.142516265800000013763693118562514
            0.000000000000000000000000000000000
            0.000000000000000000000000000000000
           -0.051538827235397724479959435939236
            0.000001249918361000000101187741922
            0.097597470956788084928135162954277
            0.142516265800000013763693118562514
            0.000000000000000000000000000000000
            0.000000000000000000000000000000000
      7000000.000000000000000000000000000000000
      7000000.000000000000000000000000000000000
      7000000.000000000000000000000000000000000
            0.042563760341428599764945772676583
            0.000001249918361000000101187741922
           -0.071396028549536194596214500052156
            0.142516265800000013763693118562514
            0.000000000000000000000000000000000
            0.000000000000000000000000000000000
           -0.015398158765747694751158114456757
            0.000001249918361000000101187741922
           -0.054415603291474351488332672488468
            0.142516265800000013763693118562514
            0.000000000000000000000000000000000
            0.000000000000000000000000000000000
      7000000.000000000000000000000000000000000
      7000000.000000000000000000000000000000000
      7000000.000000000000000000000000000000000
            0.193047787155690570015664775382902
            0.000001249918361000000101187741922
            0.076414999622048937477636343373888
            0.142516265800000013763693118562514
            0.000000000000000000000000000000000
            0.000000000000000000000000000000000
            0.130222242016279327048167147040658
            0.000001249918361000000101187741922
            0.135514687242774434228209656794206
            0.142516265800000013763693118562514
            0.000000000000000000000000000000000
            0.000000000000000000000000000000000
      7000000.000000000000000000000000000000000
      7000000.000000000000000000000000000000000
      7000000.000000000000000000000000000000000
           -0.111672269227687831483208924510109
            0.000001249918361000000101187741922
            0.154927238941885120349084559165931
            0.142516265800000013763693118562514
            0.000000000000000000000000000000000
            0.000000000000000000000000000000000
           -0.114425743916856656468006292470818
            0.000001249918361000000101187741922
           -0.174393943642898646695371667192376
            0.142516265800000013763693118562514
            0.000000000000000000000000000000000
            0.000000000000000000000000000000000
      7000000.000000000000000000000000000000000
      7000000.000000000000000000000000000000000
      7000000.000000000000000000000000000000000
           -0.107809354570867529932165496120433
            0.000001249918361000000101187741922
            0.005169126211195339444526286598602
            0.142516265800000013763693118562514
            0.000000000000000000000000000000000
            0.000000000000000000000000000000000
           -0.008331021625153143747577466626808
            0.000001249918361000000101187741922
            0.056167553218026383676786394971714
            0.142516265800000013763693118562514
            0.000000000000000000000000000000000
            0.000000000000000000000000000000000
      7000000.000000000000000000000000000000000
      7000000.000000000000000000000000000000000
      7000000.000000000000000000000000000000000
            0.015346816611063155907923594156728
            0.000001249918361000000101187741922
           -0.042905160094712506413383579229048
            0.142516265800000013763693118562514
            0.000000000000000000000000000000000
            0.000000000000000000000000000000000
            0.210763636980025981237929499911843
            0.000001249918361000000101187741922
           -0.046174338070792575461354090293753
            0.142516265800000013763693118562514
            0.000000000000000000000000000000000
            0.000000000000000000000000000000000
      7000000.000000000000000000000000000000000
      7000000.000000000000000000000000000000000
      7000000.000000000000000000000000000000000
            0.060236579495229251868249065182681
            0.000001249918361000000101187741922
           -0.132991620008808514308284998151066
            0.142516265800000013763693118562514
            0.000000000000000000000000000000000
            0.000000000000000000000000000000000
            0.002715074078648997517315688554618
            0.000001249918361000000101187741922
            0.216745223535357550703750462162134
            0.142516265800000013763693118562514
            0.000000000000000000000000000000000
            0.000000000000000000000000000000000
      7000000.000000000000000000000000000000000
      7000000.000000000000000000000000000000000
      7000000.000000000000000000000000000000000
            0.097446897490941264408093047677539
            0.000001249918361000000101187741922
            0.108061990910195318549291698673187
            0.142516265800000013763693118562514
            0.000000000000000000000000000000000
            0.000000000000000000000000000000000
           -0.201706643741550756265823451940378
            0.000001249918361000000101187741922
            0.085266342716293339054622890671453
            0.142516265800000013763693118562514
            0.000000000000000000000000000000000
            0.000000000000000000000000000000000
      7000000.000000000000000000000000000000000
      7000000.000000000000000000000000000000000
      7000000.000000000000000000000000000000000
           -0.103284324209218028589596372057713
            0.000001249918361000000101187741922
           -0.019097868751738619752522652106563
            0.142516265800000013763693118562514
            0.000000000000000000000000000000000
            0.000000000000000000000000000000000
            0.040867252796964632921561388911869
            0.000001249918361000000101187741922
            0.027906234279836378275874153587210
            0.142516265800000013763693118562514
            0.000000000000000000000000000000000
            0.000000000000000000000000000000000
      7000000.000000000000000000000000000000000
      7000000.000000000000000000000000000000000
      7000000.000000000000000000000000000000000
           -0.005087938666690417464921747381368
            0.000001249918361000000101187741922
           -0.099118835110071260019459771228867
            0.142516265800000013763693118562514
            0.000000000000000000000000000000000
            0.000000000000000000000000000000000
            0.151725163433677229241069994714053
            0.000001249918361000000101187741922
           -0.048098307317164794294495067106254
            0.142516265800000013763693118562514
            0.000000000000000000000000000000000
            0.000000000000000000000000000000000
      7000000.000000000000000000000000000000000
      7000000.000000000000000000000000000000000
      7000000.000000000000000000000000000000000
           -0.098488902654041102224802273212845
            0.000001249918361000000101187741922
            0.149957198236064265239875226143340
            0.142516265800000013763693118562514
            0.000000000000000000000000000000000
            0.000000000000000000000000000000000
           -0.032480461558750783890303637235775
            0.000001249918361000000101187741922
            0.107716019509111679552937346215913
            0.142516265800000013763693118562514
            0.000000000000000000000000000000000
            0.000000000000000000000000000000000
      7000000.000000000000000000000000000000000
      7000000.000000000000000000000000000000000
      7000000.000000000000000000000000000000000
           -0.109373946781108899450885019177804
            0.000001249918361000000101187741922
           -0.096038521616839594985393091519654
            0.142516265800000013763693118562514
            0.000000000000000000000000000000000
            0.000000000000000000000000000000000
           -0.219922156614155872578209027778939
            0.000001249918361000000101187741922
           -0.006484270761369921413919126251812
            0.142516265800000013763693118562514
            0.000000000000000000000000000000000
            0.000000000000000000000000000000000
      7000000.000000000000000000000000000000000
      7000000.000000000000000000000000000000000
      7000000.000000000000000000000000000000000
           -0.192946143885023652098098523310910
            0.000001249918361000000101187741922
            0.039563437562172322492504150659443
            0.142516265800000013763693118562514
            0.000000000000000000000000000000000
            0.000000000000000000000000000000000
           -0.165467530415500385654326009898796
            0.000001249918361000000101187741922
            0.085794854646035312306651121616596
            0.142516265800000013763693118562514
            0.000000000000000000000000000000000
            0.000000000000000000000000000000000
      7000000.000000000000000000000000000000000
      7000000.000000000000000000000000000000000
      7000000.000000000000000000000000000000000
            0.091288487867038817236142733690940
            0.000001249918361000000101187741922
           -0.171894881549188083269541493791621
            0.142516265800000013763693118562514
            0.000000000000000000000000000000000
            0.000000000000000000000000000000000
           -0.155990909435032215624161722189456
            0.000001249918361000000101187741922
           -0.152165401931811689051343705614272
            0.142516265800000013763693118562514
            0.000000000000000000000000000000000
            0.000000000000000000000000000000000
      7000000.000000000000000000000000000000000
      7000000.000000000000000000000000000000000
      7000000.000000000000000000000000000000000
            0.140914365879470787623617411554733
            0.000001249918361000000101187741922
           -0.098155161047194711132490851923649
            0.142516265800000013763693118562514
            0.000000000000000000000000000000000
            0.000000000000000000000000000000000
            0.127486436950346199159511684229074
            0.000001249918361000000101187741922
           -0.120217801716270764056382347462204
            0.142516265800000013763693118562514
            0.000000000000000000000000000000000
            0.000000000000000000000000000000000
      7000000.000000000000000000000000000000000
      7000000.000000000000000000000000000000000
      7000000.000000000000000000000000000000000
            0.200111613202249682963440591265680
            0.000001249918361000000101187741922
           -0.064149845653144535462253372770647
            0.142516265800000013763693118562514
            0.000000000000000000000000000000000
            0.000000000000000000000000000000000
            0.181574889968600244882779293220665
            0.000001249918361000000101187741922
           -0.003375354994754847185595147962545
            0.142516265800000013763693118562514
            0.000000000000000000000000000000000
            0.000000000000000000000000000000000
      7000000.000000000000000000000000000000000
      7000000.000000000000000000000000000000000
      7000000.000000000000000000000000000000000
           -0.193583218344198559890401156735606
            0.000001249918361000000101187741922
            0.059731022889804766262678015209531
            0.142516265800000013763693118562514
            0.000000000000000000000000000000000
            0.000000000000000000000000000000000
           -0.046580296066774787289155312919320
            0.000001249918361000000101187741922
            0.022625922510142601473681622792355
            0.142516265800000013763693118562514
            0.000000000000000000000000000000000
            0.000000000000000000000000000000000
      7000000.000000000000000000000000000000000
      7000000.000000000000000000000000000000000
      7000000.000000000000000000000000000000000
            0.063971160281765637733997209579684
            0.000001249918361000000101187741922
            0.092091010556828944988438934160513
            0.142516265800000013763693118562514
            0.000000000000000000000000000000000
            0.000000000000000000000000000000000
           -0.191976000947581409983300204658008
            0.000001249918361000000101187741922
           -0.083202587421667056899465819697070
            0.142516265800000013763693118562514
            0.000000000000000000000000000000000
            0.000000000000000000000000000000000
      7000000.000000000000000000000000000000000
      7000000.000000000000000000000000000000000
      7000000.000000000000000000000000000000000
            0.140635144514144688754342382708273
            0.000001249918361000000101187741922
            0.105931765526554561018812705697201
            0.142516265800000013763693118562514
            0.000000000000000000000000000000000
            0.000000000000000000000000000000000
            0.102981749926109741877233716422779
            0.000001249918361000000101187741922
           -0.011375676765850977617544614872713
            0.142516265800000013763693118562514
            0.000000000000000000000000000000000
            0.000000000000000000000000000000000
      7000000.000000000000000000000000000000000
      7000000.000000000000000000000000000000000
      7000000.000000000000000000000000000000000
            0.102305822217262420981143122844514
            0.000001249918361000000101187741922
            0.005448618743954716098221169318094
            0.142516265800000013763693118562514
            0.000000000000000000000000000000000
            0.000000000000000000000000000000000
           -0.170589882449907220829388165839191
            0.000001249918361000000101187741922
            0.157247107970737598492405595607124
            0.142516265800000013763693118562514
            0.000000000000000000000000000000000
            0.000000000000000000000000000000000
      7000000.000000000000000000000000000000000
      7000000.000000000000000000000000000000000
      7000000.000000000000000000000000000000000
