                     -0.016533570231863716631925953493010
                      0.162188106340283216821873679691635
                      0.130506815651358049068520017499395
                      0.053347524480604709140596497718434
                      0.000000000000000000000000000000000
                      0.000000000000000000000000000000000
                     -0.067732089369579639992480224464089
                     -0.376910131221423638780976261841715
                     -0.002724052411356098733763442254485
                      0.182008805176763710509391103187227
                      0.000000000000000000000000000000000
                      0.000000000000000000000000000000000
                7000000.000000000000000000000000000000011
                7000000.000000000000000000000000000000011
                7000000.000000000000000000000000000000011
                     -0.084258030296044991724890849127405
                      0.097207644253277339374541554661846
                      0.056083066933932959607922441591654
                      0.330184633638974434077795194752980
                      0.000000000000000000000000000000000
                      0.000000000000000000000000000000000
                      0.015909747666770591989493510709508
                      0.155643244782236872536529403987515
                      0.029334724078193343682618987600108
                      0.101970511461006455022904049201316
                      0.000000000000000000000000000000000
                      0.000000000000000000000000000000000
                7000000.000000000000000000000000000000011
                7000000.000000000000000000000000000000011
                7000000.000000000000000000000000000000011
                     -0.045420839852130544256336719399769
                      0.127696742140013558275413174669666
                      0.006172385609128971939441044014529
                      0.133375181650189716942023210322077
                      0.000000000000000000000000000000000
                      0.000000000000000000000000000000000
                     -0.032908974022564908834542762861020
                      0.164770485166613495087162277741299
                     -0.079988412083118146100879641835490
                      0.061391288295487705939379452502180
                      0.000000000000000000000000000000000
                      0.000000000000000000000000000000000
                7000000.000000000000000000000000000000011
                7000000.000000000000000000000000000000011
                7000000.000000000000000000000000000000011
                     -0.012943562910923607847668570514088
                     -0.101336847803232404929829613138281
                      0.105304742140547039075393342955067
                      0.118454473724254494282348559863749
                      0.000000000000000000000000000000000
                      0.000000000000000000000000000000000
                      0.099907997897068376302875947203574
                     -0.033052049002931543908445632951043
                      0.052806204558491345868453947787202
                      0.084483091406531068967566966421145
                      0.000000000000000000000000000000000
                      0.000000000000000000000000000000000
                7000000.000000000000000000000000000000011
                7000000.000000000000000000000000000000011
                7000000.000000000000000000000000000000011
                     -0.035561439574512909711501151832636
                      0.002211722413110838239558297857457
                     -0.018519256612660125321800919095949
                     -0.237490395227849565573663426221174
                      0.000000000000000000000000000000000
                      0.000000000000000000000000000000000
                     -0.102211207005125509494902757978707
                     -0.049837848575541299211977275263052
                     -0.023256530032364441940018195964512
                      0.202100040477787845638601993414341
                      0.000000000000000000000000000000000
                      0.000000000000000000000000000000000
                7000000.000000000000000000000000000000011
                7000000.000000000000000000000000000000011
                7000000.000000000000000000000000000000011
                      0.035297543858323537913079803729488
                      0.324001900260536046527448661436210
                      0.125213626094490021456451245285280
                      0.222624867884348431879004692746093
                      0.000000000000000000000000000000000
                      0.000000000000000000000000000000000
                     -0.013318028416767789534613797286511
                     -0.049434424061199036537495032916922
                     -0.013372135676676638604831737211498
                      0.324542194824717800116786747821607
                      0.000000000000000000000000000000000
                      0.000000000000000000000000000000000
                7000000.000000000000000000000000000000011
                7000000.000000000000000000000000000000011
                7000000.000000000000000000000000000000011
                      0.118852319282873930550437080455595
                     -0.171712088372903221022980346788245
                      0.058177201811857308377806674570820
                      0.227643360531909005883832719518978
                      0.000000000000000000000000000000000
                      0.000000000000000000000000000000000
                     -0.152393758916601590458483883594454
                      0.217891818148528149112763685479877
                     -0.010249112689881626978016804230265
                      0.106142054231113669438002489187056
                      0.000000000000000000000000000000000
                      0.000000000000000000000000000000000
                7000000.000000000000000000000000000000011
                7000000.000000000000000000000000000000011
                7000000.000000000000000000000000000000011
                  -2255.145269956272386480122804641723633
                   -559.931872929889550505322404205799103
                 -22332.211993681121384724974632263183594
                  -5402.602726381416687218006700277328491
                      0.000000000000000000000000000000000
                      0.000000000000000000000000000000000
                     -0.084316473364924551803234464841807
                      0.183080447265096452058585896338627
                      0.074760412920997817987078803980694
                      0.062660117233620207799482670907310
                      0.000000000000000000000000000000000
                      0.000000000000000000000000000000000
                7000000.000000000000000000000000000000011
                7000000.000000000000000000000000000000011
                7000000.000000000000000000000000000000011
                     -0.001825788706980915714062074783897
                     -0.179900428726474437279847506943042
                     -0.024157053687296689559182993889408
                      0.208385155840621227874009946390288
                      0.000000000000000000000000000000000
                      0.000000000000000000000000000000000
                      0.120731435520796848148705748826615
                      0.064272778592469423375455050972960
                      0.008868894542358656679637007869133
                      0.153790886027671047653342384364805
                      0.000000000000000000000000000000000
                      0.000000000000000000000000000000000
                7000000.000000000000000000000000000000011
                7000000.000000000000000000000000000000011
                7000000.000000000000000000000000000000011
            52999055475.208312988281250000000000000011512
          ***********************************************
          -188487208609.436004638671875000000000000040942
          ***********************************************
                      0.000000000000000000000000000000000
                      0.000000000000000000000000000000000
                     -0.000916566191614739001619627245532
                     -0.061665936933087035776157591726587
                     -0.076273320098862062987876697661704
                      0.094299958998443275670631180673809
                      0.000000000000000000000000000000000
                      0.000000000000000000000000000000000
                7000000.000000000000000000000000000000011
                7000000.000000000000000000000000000000011
                7000000.000000000000000000000000000000011
                      0.146693665219178315251014055320411
                      0.220824015794229944198434623103822
                      0.047820872431666237856173751197275
                      0.363809005356185211077502117404947
                      0.000000000000000000000000000000000
                      0.000000000000000000000000000000000
                      0.043013749232407028078029043172137
                      0.075173032501205036548519444750127
                      0.089285789077958713222393782871222
                      0.095423731467359176883213933706429
                      0.000000000000000000000000000000000
                      0.000000000000000000000000000000000
                7000000.000000000000000000000000000000011
                7000000.000000000000000000000000000000011
                7000000.000000000000000000000000000000011
                      0.044815610336898265009253350399376
                      0.014576046700769455105595184818412
                      0.032538332519007326371074384496751
                      0.026565331693479538738289491561773
                      0.000000000000000000000000000000000
                      0.000000000000000000000000000000000
                      0.013690697758640539213881304192455
                     -0.003256624685434277976375794239061
                      0.003918984784598698867252863919930
                      0.042559551545336964106791555195741
                      0.000000000000000000000000000000000
                      0.000000000000000000000000000000000
                7000000.000000000000000000000000000000011
                7000000.000000000000000000000000000000011
                7000000.000000000000000000000000000000011
             5696361668.412683486938476562499999999996365
             3815503395.892756938934326171874999999997565
            18108537477.239055633544921875000000000003933
            12564105610.515472412109375000000000000002729
                      0.000000000000000000000000000000000
                      0.000000000000000000000000000000000
                      0.071610254440999693281710847259092
                      0.042505381694574115303275618771295
                      0.021540107674171957152786660572019
                      0.446196228489471213851658148996648
                      0.000000000000000000000000000000000
                      0.000000000000000000000000000000000
                7000000.000000000000000000000000000000011
                7000000.000000000000000000000000000000011
                7000000.000000000000000000000000000000011
                     -0.039140472386683604344437270583512
                      0.063437430042472861546620777062344
                     -0.112893471065044659340514954237733
                      0.440988949405901331513035756870522
                      0.000000000000000000000000000000000
                      0.000000000000000000000000000000000
                     -0.096776416032750806062168180687877
                     -0.257605733828640381943841930478811
                     -0.136442107465068962479648462249315
                      0.060128281948318249017226833075256
                      0.000000000000000000000000000000000
                      0.000000000000000000000000000000000
                7000000.000000000000000000000000000000011
                7000000.000000000000000000000000000000011
                7000000.000000000000000000000000000000011
                      0.093195822686078233498818690350163
                     -0.104874565947129363974177351792605
                     -0.005612746565028917805628694281950
                      0.161181203937223432864911387696338
                      0.000000000000000000000000000000000
                      0.000000000000000000000000000000000
                     -0.008998908603530595198827235492445
                     -0.005106525802089701727981552181745
                     -0.028901422013825402157483068776855
                      0.230244219655108273148158559706644
                      0.000000000000000000000000000000000
                      0.000000000000000000000000000000000
                7000000.000000000000000000000000000000011
                7000000.000000000000000000000000000000011
                7000000.000000000000000000000000000000011
                      0.005191918953106017947662920164476
                      0.029516534106414155785858000058397
                     -0.014941317212242725964710388097956
                      0.215395243784048950885789963649586
                      0.000000000000000000000000000000000
                      0.000000000000000000000000000000000
                     -0.008844162264247553556506531435843
                      0.377849556511164308414407742020558
                      0.004291242902744019961647214955747
                      0.209604568689844700246638353746675
                      0.000000000000000000000000000000000
                      0.000000000000000000000000000000000
                7000000.000000000000000000000000000000011
                7000000.000000000000000000000000000000011
                7000000.000000000000000000000000000000011
                     -0.064871702838217942810317140356346
                      0.054221042671337593699121271129115
                     -0.067042009267433366748178968919092
                      0.349237086860666678944653540384024
                      0.000000000000000000000000000000000
                      0.000000000000000000000000000000000
                     -0.000914782067913986226929956568910
                     -0.000210195004869887495544886202303
                     -0.208411848622418044429949190998741
                      0.326118725579449375562290924790432
                      0.000000000000000000000000000000000
                      0.000000000000000000000000000000000
                7000000.000000000000000000000000000000011
                7000000.000000000000000000000000000000011
                7000000.000000000000000000000000000000011
                     -0.057374893955913483511999118036329
                      0.127365410226652070457831200656074
                      0.026169590639058191300359013098387
                     -0.063222463642850418308327675731562
                      0.000000000000000000000000000000000
                      0.000000000000000000000000000000000
                     -0.082117035119636791473674009012029
                     -0.426854807944331449132135958279832
                      0.032268537895315925478900709322261
                      0.177167265631159115413240101588599
                      0.000000000000000000000000000000000
                      0.000000000000000000000000000000000
                7000000.000000000000000000000000000000011
                7000000.000000000000000000000000000000011
                7000000.000000000000000000000000000000011
                     -0.097192942343618485279144181276934
                      0.047325455911726536928352260247266
                     -0.024179286298221316919843104642496
                      0.108220164340989258300318454075750
                      0.000000000000000000000000000000000
                      0.000000000000000000000000000000000
                      0.037036928896856703696816026649685
                      0.020532818995662085320708101221499
                     -0.001855247030088573532286000400404
                      0.084900400999080152808495824956481
                      0.000000000000000000000000000000000
                      0.000000000000000000000000000000000
                7000000.000000000000000000000000000000011
                7000000.000000000000000000000000000000011
                7000000.000000000000000000000000000000011
                      0.002299375423415065365639886607596
                      0.009682850848794539652675261720560
                      0.031108562153806505051756303714683
                      0.323134498714814422104524282985949
                      0.000000000000000000000000000000000
                      0.000000000000000000000000000000000
                      0.039304398701571020835476844013101
                      0.233638108924735576898967792658368
                     -0.031154280234137451954801178999332
                      0.258591081931163202511925192084163
                      0.000000000000000000000000000000000
                      0.000000000000000000000000000000000
                7000000.000000000000000000000000000000011
                7000000.000000000000000000000000000000011
                7000000.000000000000000000000000000000011
                     -0.140039558813328440800560770185257
                     -0.017493374123557968446984745014561
                     -0.079139171735356991788101765905594
                     -0.180775045323216171366809135179210
                      0.000000000000000000000000000000000
                      0.000000000000000000000000000000000
                     -0.001288730470830463242792873757026
                      0.062066549054127492790478015649569
                     -0.054105168836213871075280223976733
                      0.308562668935751571730463638232322
                      0.000000000000000000000000000000000
                      0.000000000000000000000000000000000
                7000000.000000000000000000000000000000011
                7000000.000000000000000000000000000000011
                7000000.000000000000000000000000000000011
                      0.040026424571488403159058577784890
                     -0.193830807718638920000842063018354
                     -0.036028113961266004794392614485332
                     -0.001140528922782719622314173690825
                      0.000000000000000000000000000000000
                      0.000000000000000000000000000000000
                      0.150051078669183018954313979520521
                      0.209034387969545737417931263735227
                     -0.018047795657047789597005049699874
                     -0.020813881991662761677952531158553
                      0.000000000000000000000000000000000
                      0.000000000000000000000000000000000
                7000000.000000000000000000000000000000011
                7000000.000000000000000000000000000000011
                7000000.000000000000000000000000000000011
                      0.013061602052086158584631725432246
                      0.368771368061303672636341843826813
                      0.017702258735166755826417883668000
                      0.124130522589267766608855936283362
                      0.000000000000000000000000000000000
                      0.000000000000000000000000000000000
                     -0.204794927851866204182584851878346
                      0.123477119663191178822181370833277
                      0.042260560815452694050087245614122
                      0.427547332448403261118130558315897
                      0.000000000000000000000000000000000
                      0.000000000000000000000000000000000
                7000000.000000000000000000000000000000011
                7000000.000000000000000000000000000000011
                7000000.000000000000000000000000000000011
                      0.064595141763216873398434358932718
                     -0.114709845270775906422855427990726
                      0.081283235129182840328354586745263
                      0.421465591000574124613820004014997
                      0.000000000000000000000000000000000
                      0.000000000000000000000000000000000
                     -0.106615954790346870173500803957722
                      0.239701881002900574202385541866533
                     -0.007822252770162031396128377025434
                      0.320947059956720459616974494565511
                      0.000000000000000000000000000000000
                      0.000000000000000000000000000000000
                7000000.000000000000000000000000000000011
                7000000.000000000000000000000000000000011
                7000000.000000000000000000000000000000011
                     -0.081211827782723941537845746552193
                     -0.207480676437046290816468285811425
                      0.077327699145869205343828411969298
                      0.212932727133231108895827787819144
                      0.000000000000000000000000000000000
                      0.000000000000000000000000000000000
                      0.147616002313614408381070575160265
                      0.101025009157009015847705768464948
                      0.017179238151319959487794974961616
                     -0.102169444734388922824130929711828
                      0.000000000000000000000000000000000
                      0.000000000000000000000000000000000
                7000000.000000000000000000000000000000011
                7000000.000000000000000000000000000000011
                7000000.000000000000000000000000000000011
                      0.158602346728252158181149411575461
                     -0.106677637906598288264348184384289
                      0.027986418564043540058161596562059
                      0.017857843816557982669079862603212
                      0.000000000000000000000000000000000
                      0.000000000000000000000000000000000
                     -0.097285068220641382485958104098245
                     -0.418288102251113791396619490114972
                      0.099638351220902934834988684542623
                      0.042614252722993586908195595697180
                      0.000000000000000000000000000000000
                      0.000000000000000000000000000000000
                7000000.000000000000000000000000000000011
                7000000.000000000000000000000000000000011
                7000000.000000000000000000000000000000011
                 -22435.529863072577427374199032783508301
                   -299.418205927070630423258990049362183
                 -10277.440475651519591338001191616058350
                   -696.884480366019602115557063370943069
                      0.000000000000000000000000000000000
                      0.000000000000000000000000000000000
                      0.038541959066141787126902329418954
                      0.046352458802084557654143992522222
                     -0.001923076223173889216788712275275
                      0.101160879749961601925534182555566
                      0.000000000000000000000000000000000
                      0.000000000000000000000000000000000
                7000000.000000000000000000000000000000011
                7000000.000000000000000000000000000000011
                7000000.000000000000000000000000000000011
                     -0.055112332992016815902402981919295
                     -0.056719285330027312264089545124079
                     -0.091951731106791681491507972623367
                      0.176042007047158693966437681410753
                      0.000000000000000000000000000000000
                      0.000000000000000000000000000000000
                  35508.986737451268709264695644378662109
                  11558.601978522481658728793263435363770
                 145162.200077846791828051209449768066406
                  47444.525410655282030347734689712524414
                      0.000000000000000000000000000000000
                      0.000000000000000000000000000000000
                7000000.000000000000000000000000000000011
                7000000.000000000000000000000000000000011
                7000000.000000000000000000000000000000011
                      0.148144512538265521461866569552512
                     -0.083491948112219868671779465785221
                      0.089753997654168610198510691589036
                      0.348475661051038054782935660114163
                      0.000000000000000000000000000000000
                      0.000000000000000000000000000000000
                      0.080196805707319532285914931435400
                      0.117109644565769693835832754302828
                      0.005421495974787320440424487344444
                      0.115133248870160492804970431279799
                      0.000000000000000000000000000000000
                      0.000000000000000000000000000000000
                7000000.000000000000000000000000000000011
                7000000.000000000000000000000000000000011
                7000000.000000000000000000000000000000011
                     -0.095336410001094551436295887469896
                      0.073487919940247684036371822458023
                      0.003434451123213638767950328656298
                      0.170465586169173566322143642537412
                      0.000000000000000000000000000000000
                      0.000000000000000000000000000000000
          ***********************************************
          ***********************************************
          ***********************************************
          ***********************************************
                      0.000000000000000000000000000000000
                      0.000000000000000000000000000000000
                7000000.000000000000000000000000000000011
                7000000.000000000000000000000000000000011
                7000000.000000000000000000000000000000011
                     -0.112570806417450652858747162099462
                      0.101257060394469286523921880416310
                      0.139715089902090444651250322749547
                      0.342905872252757426554836683862959
                      0.000000000000000000000000000000000
                      0.000000000000000000000000000000000
                     -0.114330418159528018895443324254302
                     -0.267061114258098419860232297651237
                      0.045309595801700700001823918228183
                      0.212402935107763202182695749797858
                      0.000000000000000000000000000000000
                      0.000000000000000000000000000000000
                7000000.000000000000000000000000000000011
                7000000.000000000000000000000000000000011
                7000000.000000000000000000000000000000011
                     -0.047949139740685375876694251928711
                      0.130487164816536743705555068117974
                      0.061663842896287228423357618112277
                     -0.052200269532867014932175919739166
                      0.000000000000000000000000000000000
                      0.000000000000000000000000000000000
                      0.086222809438489950162320951676520
                     -0.041453155850184532360547251528260
                     -0.019760143035153367174761029900765
                      0.197096777284975849253711999153893
                      0.000000000000000000000000000000000
                      0.000000000000000000000000000000000
                7000000.000000000000000000000000000000011
                7000000.000000000000000000000000000000011
                7000000.000000000000000000000000000000011
                      0.032891097263206089951204091903492
                      0.136598412264232860202639585622819
                      0.000885142998091673766092313258014
                      0.131423386401195163575295055125025
                      0.000000000000000000000000000000000
                      0.000000000000000000000000000000000
                      0.066679144068395923561354265984846
                      0.095343367058361480625983119807643
                     -0.065265117640143782695716367925343
                      0.011217901736902046935795418391990
                      0.000000000000000000000000000000000
                      0.000000000000000000000000000000000
                7000000.000000000000000000000000000000011
                7000000.000000000000000000000000000000011
                7000000.000000000000000000000000000000011
                      0.045728139137495044108661090831447
                     -0.038112027090925273964394648373855
                      0.104624446678933655241472422403604
                      0.107372160916137202035791631260508
                      0.000000000000000000000000000000000
                      0.000000000000000000000000000000000
                     -0.098449038795004731317028756620857
                      0.061940967915856737224800099284039
                     -0.026610744218502385000091337019512
                      0.249671530274523822967580599652138
                      0.000000000000000000000000000000000
                      0.000000000000000000000000000000000
                7000000.000000000000000000000000000000011
                7000000.000000000000000000000000000000011
                7000000.000000000000000000000000000000011
                     -0.034873636513350965426827343662808
                     -0.054745196831472560383691217111846
                     -0.203589292838105423433248120090866
                      0.279334201992050723539762202562997
                      0.000000000000000000000000000000000
                      0.000000000000000000000000000000000
                      0.061094413383931581162933355244604
                      0.141134473545763333701685837695550
                     -0.006487237041824780482690560035053
                      0.038869327688778092244614725814245
                      0.000000000000000000000000000000000
                      0.000000000000000000000000000000000
                7000000.000000000000000000000000000000011
                7000000.000000000000000000000000000000011
                7000000.000000000000000000000000000000011
                      0.195749109632164242089658046097611
                      0.141630029434464566051588008122053
                     -0.067916737029120363700052109834360
                      0.164035859615775880815391474243370
                      0.000000000000000000000000000000000
                      0.000000000000000000000000000000000
                     -0.028003538007512991658831680297226
                      0.053745543095714803927265279526182
                     -0.092675573345765593913370139489416
                      0.081394593800280079509690267514088
                      0.000000000000000000000000000000000
                      0.000000000000000000000000000000000
                7000000.000000000000000000000000000000011
                7000000.000000000000000000000000000000011
                7000000.000000000000000000000000000000011
                     -0.139378440430849015463365958567010
                      0.119666160433586410416495482422761
                      0.003135300721380901781132344297021
                      0.246643923055946845401820155530004
                      0.000000000000000000000000000000000
                      0.000000000000000000000000000000000
                     -0.180845851662348927613166438277403
                      0.077374003904166918643703354518948
                      0.002579174730387038660256449063013
                      0.164443759305703762763073427777272
                      0.000000000000000000000000000000000
                      0.000000000000000000000000000000000
                7000000.000000000000000000000000000000011
                7000000.000000000000000000000000000000011
                7000000.000000000000000000000000000000011
                  -2255.145269956272386480122804641723633
                   -559.931872929889550505322404205799103
                 -22332.211993681121384724974632263183594
                  -5402.602726381416687218006700277328491
                      0.000000000000000000000000000000000
                      0.000000000000000000000000000000000
                     -0.089412609592497305222025261173258
                      0.172153537092179981238260211284796
                      0.018860109125523182027617252742857
                      0.048459121706418306629871040058788
                      0.000000000000000000000000000000000
                      0.000000000000000000000000000000000
                7000000.000000000000000000000000000000011
                7000000.000000000000000000000000000000011
                7000000.000000000000000000000000000000011
                     -0.098904069649055431634465662682487
                      0.029180387765707686831273548477839
                      0.018580589387804203466147967560573
                      0.205826791015394111594716264335148
                      0.000000000000000000000000000000000
                      0.000000000000000000000000000000000
                     -0.118256944033728841891850436240929
                      0.088347871535806157816672623539489
                     -0.017169387409857479048769235419059
                      0.154147559219685065245997179772530
                      0.000000000000000000000000000000000
                      0.000000000000000000000000000000000
                7000000.000000000000000000000000000000011
                7000000.000000000000000000000000000000011
                7000000.000000000000000000000000000000011
            52999055475.208312988281250000000000000011512
          ***********************************************
          -188487208609.436004638671875000000000000040942
          ***********************************************
                      0.000000000000000000000000000000000
                      0.000000000000000000000000000000000
                      0.029819364142120035471306138674663
                      0.010415127788952930482091474573281
                     -0.073469204213656311153179956363601
                      0.072987533442017984985916712048493
                      0.000000000000000000000000000000000
                      0.000000000000000000000000000000000
                7000000.000000000000000000000000000000011
                7000000.000000000000000000000000000000011
                7000000.000000000000000000000000000000011
                      0.063945451837245523285524484435882
                     -0.289754685562450209346252449904568
                      0.016916217504160214329944622591029
                      0.393112965598043484494183985589189
                      0.000000000000000000000000000000000
                      0.000000000000000000000000000000000
                      0.001629564253011419553557326267423
                     -0.105553618036458685125467127363663
                      0.082989186843333839771474913504790
                      0.049344448381398391123564550753144
                      0.000000000000000000000000000000000
                      0.000000000000000000000000000000000
                7000000.000000000000000000000000000000011
                7000000.000000000000000000000000000000011
                7000000.000000000000000000000000000000011
                      0.041403616318301174337168646388818
                      0.043386993888908938210580146233042
                      0.038191009634236078307267803211289
                      0.252575071590505795260384047651314
                      0.000000000000000000000000000000000
                      0.000000000000000000000000000000000
                     -0.012321357126763072056818693056357
                      0.001056514277748188315037003448538
                      0.054137123166371127480633873574334
                      0.157461384674482229861780524515780
                      0.000000000000000000000000000000000
                      0.000000000000000000000000000000000
                7000000.000000000000000000000000000000011
                7000000.000000000000000000000000000000011
                7000000.000000000000000000000000000000011
             5696361668.412683486938476562499999999996365
             3815503395.892756938934326171874999999997565
            18108537477.239055633544921875000000000003933
            12564105610.515472412109375000000000000002729
                      0.000000000000000000000000000000000
                      0.000000000000000000000000000000000
                     -0.030748003181914000669916475771970
                     -0.101188416150355731115695334665361
                     -0.072669164327401114533699910680298
                     -0.161566659243848498306306282756850
                      0.000000000000000000000000000000000
                      0.000000000000000000000000000000000
                7000000.000000000000000000000000000000011
                7000000.000000000000000000000000000000011
                7000000.000000000000000000000000000000011
                      0.009817724005178067939181296708284
                      0.212093642535721493835865203436697
                     -0.106933726361517156266955907994998
                      0.343795499943845284107624138414394
                      0.000000000000000000000000000000000
                      0.000000000000000000000000000000000
                      0.026912961428976579086880249747082
                      0.271174277600712998470555703534046
                      0.185668032355177037295845821063267
                      0.098954278424185165841109323991986
                      0.000000000000000000000000000000000
                      0.000000000000000000000000000000000
                7000000.000000000000000000000000000000011
                7000000.000000000000000000000000000000011
                7000000.000000000000000000000000000000011
                     -0.056530500377000962586304666501746
                      0.167714677632611802726714245181938
                      0.002620579486725512809164317928889
                      0.113118642121636497899217488338763
                      0.000000000000000000000000000000000
                      0.000000000000000000000000000000000
                     -0.005985512007250945627767624301896
                     -0.016234169052001586747158157209014
                     -0.025475335381127776901433179546075
                      0.051695958968390992582797593968280
                      0.000000000000000000000000000000000
                      0.000000000000000000000000000000000
                7000000.000000000000000000000000000000011
                7000000.000000000000000000000000000000011
                7000000.000000000000000000000000000000011
                     -0.011079965872426978529263763562085
                      0.021799646280006104021031987372226
                      0.030834595124635932883450095687294
                      0.195467314593384289267419262614567
                      0.000000000000000000000000000000000
                      0.000000000000000000000000000000000
               -1720536.960103787248954176902770996093753
          ***********************************************
                4104355.246102489065378904342651367187506
          ***********************************************
                      0.000000000000000000000000000000000
                      0.000000000000000000000000000000000
                7000000.000000000000000000000000000000011
                7000000.000000000000000000000000000000011
                7000000.000000000000000000000000000000011
                     -0.051928547519332270143710417187322
                     -0.099449594709593608365949535254913
                      0.127813201158808426027846394390508
                      0.059770686615148116427320701404824
                      0.000000000000000000000000000000000
                      0.000000000000000000000000000000000
                      0.001941478273258282058119639224003
                     -0.012873992416366192292898062987661
                      0.145162472859504371180960902165680
                     -0.130781885951704535120398986691725
                      0.000000000000000000000000000000000
                      0.000000000000000000000000000000000
                7000000.000000000000000000000000000000011
                7000000.000000000000000000000000000000011
                7000000.000000000000000000000000000000011
                     -0.023101342333760946368137467743509
                     -0.154518022317206737969996765968972
                     -0.048971221999353754805728300425471
                      0.334695957568688029493131352865021
                      0.000000000000000000000000000000000
                      0.000000000000000000000000000000000
                      0.165988737904209787688003530092828
                      0.190850160999747053836017585126683
                      0.021428269358864084070948052840322
                      0.184251138803572023228127818583744
                      0.000000000000000000000000000000000
                      0.000000000000000000000000000000000
                7000000.000000000000000000000000000000011
                7000000.000000000000000000000000000000011
                7000000.000000000000000000000000000000011
                     -0.085427956932983939442038945344393
                      0.101964542722424403309311458087905
                     -0.004065817221302520795278567788955
                      0.094546520000520731241699934344069
                      0.000000000000000000000000000000000
                      0.000000000000000000000000000000000
                      0.029470796691290098573423605898824
                      0.044398594324529729038264491691734
                     -0.030641382892685090771900391359850
                      0.143892205222018232380065683173598
                      0.000000000000000000000000000000000
                      0.000000000000000000000000000000000
                7000000.000000000000000000000000000000011
                7000000.000000000000000000000000000000011
                7000000.000000000000000000000000000000011
                      0.003915620072596220566096825166369
                     -0.006417021219533722981021028886062
                      0.083840366358711490568644819632027
                      0.025189081809834864417174671302746
                      0.000000000000000000000000000000000
                      0.000000000000000000000000000000000
                      0.075728088765734627441084114707337
                     -0.239234241580977058383439270983217
                     -0.003245851801768156758704053643783
                      0.107012753433910257072625427099410
                      0.000000000000000000000000000000000
                      0.000000000000000000000000000000000
                7000000.000000000000000000000000000000011
                7000000.000000000000000000000000000000011
                7000000.000000000000000000000000000000011
                2852044.362943532876670360565185546875005
          ***********************************************
                5950091.092092351056635379791259765625009
          ***********************************************
                      0.000000000000000000000000000000000
                      0.000000000000000000000000000000000
                      0.037492176628887700917669434375057
                     -0.014198138909123339881923619998361
                     -0.042029364251937595398089797527064
                     -0.032861523075624884948631176939671
                      0.000000000000000000000000000000000
                      0.000000000000000000000000000000000
                7000000.000000000000000000000000000000011
                7000000.000000000000000000000000000000011
                7000000.000000000000000000000000000000011
                      0.107830742028374573782123491128004
                      0.055320765667309042268318108881431
                      0.078391226245800874061764318412315
                      0.098817572923899005266079598186479
                      0.000000000000000000000000000000000
                      0.000000000000000000000000000000000
                      0.201226960809009008945835716986039
                     -0.136294718597457176212373042289983
                      0.023230923854969602604381151422785
                      0.256442082778192748104828524446930
                      0.000000000000000000000000000000000
                      0.000000000000000000000000000000000
                7000000.000000000000000000000000000000011
                7000000.000000000000000000000000000000011
                7000000.000000000000000000000000000000011
                      0.011294797382992476791896407917193
                      0.371137631825914304783964325906709
                      0.003593817692937719375512184427635
                      0.064430124799634405641235446182691
                      0.000000000000000000000000000000000
                      0.000000000000000000000000000000000
                 -76485.989538768611964769661426544189453
          ***********************************************
                -140760.636351501103490591049194335937500
          ***********************************************
                      0.000000000000000000000000000000000
                      0.000000000000000000000000000000000
                7000000.000000000000000000000000000000011
                7000000.000000000000000000000000000000011
                7000000.000000000000000000000000000000011
                      0.012665550916998148667236279152348
                      0.052680623319685544736490356854119
                      0.155420499559044855697464981858502
                     -0.084371402354502841869354767823097
                      0.000000000000000000000000000000000
                      0.000000000000000000000000000000000
                      0.033850231932759239361629965969769
                      0.315399616140096261673875233100262
                      0.070770740133753048950460140531504
                     -0.066597766384819331864086677796877
                      0.000000000000000000000000000000000
                      0.000000000000000000000000000000000
                7000000.000000000000000000000000000000011
                7000000.000000000000000000000000000000011
                7000000.000000000000000000000000000000011
                     -0.039039393417928718033049761970688
                      0.211669732872483723484791084956669
                      0.089286176729934482731998457438749
                      0.025276972444131982908910316609763
                      0.000000000000000000000000000000000
                      0.000000000000000000000000000000000
                      0.106058930439948670421124177210004
                      0.090927868177422460638226198170742
                     -0.098853470158297263026270229602233
                     -0.037129324754429322841264848875653
                      0.000000000000000000000000000000000
                      0.000000000000000000000000000000000
                7000000.000000000000000000000000000000011
                7000000.000000000000000000000000000000011
                7000000.000000000000000000000000000000011
                     -0.073493445841953608521635032957420
                      0.248423722054089191058068308848306
                      0.047092345458312707962011955942216
                      0.277866705408122360854150656450656
                      0.000000000000000000000000000000000
                      0.000000000000000000000000000000000
          ***********************************************
          -502445569285.616882324218750000000000000109138
          ***********************************************
          ***********************************************
                      0.000000000000000000000000000000000
                      0.000000000000000000000000000000000
                7000000.000000000000000000000000000000011
                7000000.000000000000000000000000000000011
                7000000.000000000000000000000000000000011
                 -22435.529863072577427374199032783508301
                   -299.418205927070630423258990049362183
                 -10277.440475651519591338001191616058350
                   -696.884480366019602115557063370943069
                      0.000000000000000000000000000000000
                      0.000000000000000000000000000000000
                     -0.016956335665083671626618411210075
                     -0.079581346980242440025676842196845
                     -0.020631055278069063141366257241316
                      0.149105572437856825906976609985577
                      0.000000000000000000000000000000000
                      0.000000000000000000000000000000000
                7000000.000000000000000000000000000000011
                7000000.000000000000000000000000000000011
                7000000.000000000000000000000000000000011
                      0.010265330623052997677246978014409
                      0.108232229660695594697372712289507
                      0.074314416424207510591948278033669
                      0.027861655600019342299278335417512
                      0.000000000000000000000000000000000
                      0.000000000000000000000000000000000
                  35508.986737451268709264695644378662109
                  11558.601978522481658728793263435363770
                 145162.200077846791828051209449768066406
                  47444.525410655282030347734689712524414
                      0.000000000000000000000000000000000
                      0.000000000000000000000000000000000
                7000000.000000000000000000000000000000011
                7000000.000000000000000000000000000000011
                7000000.000000000000000000000000000000011
                      0.088538446423182370903504079251434
                     -0.141878353557234826443078645752394
                      0.167852732061046033829043722107599
                      0.213967147803866136746009374292044
                      0.000000000000000000000000000000000
                      0.000000000000000000000000000000000
                     -0.020100776874446626973913510028069
                      0.181603493941238147701966454405920
                      0.016085841484705817178157971625296
                      0.097314240905328044939359699583292
                      0.000000000000000000000000000000000
                      0.000000000000000000000000000000000
                7000000.000000000000000000000000000000011
                7000000.000000000000000000000000000000011
                7000000.000000000000000000000000000000011
                      0.076524581169797989410596983361756
                     -0.120115981254151987789313693610893
                     -0.026419259776457041516417589832599
                      0.113593082659365060549383485977160
                      0.000000000000000000000000000000000
                      0.000000000000000000000000000000000
          ***********************************************
          ***********************************************
          ***********************************************
          ***********************************************
                      0.000000000000000000000000000000000
                      0.000000000000000000000000000000000
                7000000.000000000000000000000000000000011
                7000000.000000000000000000000000000000011
                7000000.000000000000000000000000000000011
                     -0.112570806417450652858747162099462
                      0.101257060394469286523921880416310
                      0.139715089902090444651250322749547
                      0.342905872252757426554836683862959
                      0.000000000000000000000000000000000
                      0.000000000000000000000000000000000
                     -0.114330418159528018895443324254302
                     -0.267061114258098419860232297651237
                      0.045309595801700700001823918228183
                      0.212402935107763202182695749797858
                      0.000000000000000000000000000000000
                      0.000000000000000000000000000000000
                7000000.000000000000000000000000000000011
                7000000.000000000000000000000000000000011
                7000000.000000000000000000000000000000011
                     -0.047949139740685375876694251928711
                      0.130487164816536743705555068117974
                      0.061663842896287228423357618112277
                     -0.052200269532867014932175919739166
                      0.000000000000000000000000000000000
                      0.000000000000000000000000000000000
                      0.086222809438489950162320951676520
                     -0.041453155850184532360547251528260
                     -0.019760143035153367174761029900765
                      0.197096777284975849253711999153893
                      0.000000000000000000000000000000000
                      0.000000000000000000000000000000000
                7000000.000000000000000000000000000000011
                7000000.000000000000000000000000000000011
                7000000.000000000000000000000000000000011
                      0.032891097263206089951204091903492
                      0.136598412264232860202639585622819
                      0.000885142998091673766092313258014
                      0.131423386401195163575295055125025
                      0.000000000000000000000000000000000
                      0.000000000000000000000000000000000
                      0.066679144068395923561354265984846
                      0.095343367058361480625983119807643
                     -0.065265117640143782695716367925343
                      0.011217901736902046935795418391990
                      0.000000000000000000000000000000000
                      0.000000000000000000000000000000000
                7000000.000000000000000000000000000000011
                7000000.000000000000000000000000000000011
                7000000.000000000000000000000000000000011
                      0.045728139137495044108661090831447
                     -0.038112027090925273964394648373855
                      0.104624446678933655241472422403604
                      0.107372160916137202035791631260508
                      0.000000000000000000000000000000000
                      0.000000000000000000000000000000000
                     -0.098449038795004731317028756620857
                      0.061940967915856737224800099284039
                     -0.026610744218502385000091337019512
                      0.249671530274523822967580599652138
                      0.000000000000000000000000000000000
                      0.000000000000000000000000000000000
                7000000.000000000000000000000000000000011
                7000000.000000000000000000000000000000011
                7000000.000000000000000000000000000000011
                     -0.034873636513350965426827343662808
                     -0.054745196831472560383691217111846
                     -0.203589292838105423433248120090866
                      0.279334201992050723539762202562997
                      0.000000000000000000000000000000000
                      0.000000000000000000000000000000000
                      0.061094413383931581162933355244604
                      0.141134473545763333701685837695550
                     -0.006487237041824780482690560035053
                      0.038869327688778092244614725814245
                      0.000000000000000000000000000000000
                      0.000000000000000000000000000000000
                7000000.000000000000000000000000000000011
                7000000.000000000000000000000000000000011
                7000000.000000000000000000000000000000011
                      0.195749109632164242089658046097611
                      0.141630029434464566051588008122053
                     -0.067916737029120363700052109834360
                      0.164035859615775880815391474243370
                      0.000000000000000000000000000000000
                      0.000000000000000000000000000000000
                     -0.028003538007512991658831680297226
                      0.053745543095714803927265279526182
                     -0.092675573345765593913370139489416
                      0.081394593800280079509690267514088
                      0.000000000000000000000000000000000
                      0.000000000000000000000000000000000
                7000000.000000000000000000000000000000011
                7000000.000000000000000000000000000000011
                7000000.000000000000000000000000000000011
                     -0.139378440430849015463365958567010
                      0.119666160433586410416495482422761
                      0.003135300721380901781132344297021
                      0.246643923055946845401820155530004
                      0.000000000000000000000000000000000
                      0.000000000000000000000000000000000
                     -0.180845851662348927613166438277403
                      0.077374003904166918643703354518948
                      0.002579174730387038660256449063013
                      0.164443759305703762763073427777272
                      0.000000000000000000000000000000000
                      0.000000000000000000000000000000000
                7000000.000000000000000000000000000000011
                7000000.000000000000000000000000000000011
                7000000.000000000000000000000000000000011
                  -2255.145269956272386480122804641723633
                   -559.931872929889550505322404205799103
                 -22332.211993681121384724974632263183594
                  -5402.602726381416687218006700277328491
                      0.000000000000000000000000000000000
                      0.000000000000000000000000000000000
                     -0.089412609592497305222025261173258
                      0.172153537092179981238260211284796
                      0.018860109125523182027617252742857
                      0.048459121706418306629871040058788
                      0.000000000000000000000000000000000
                      0.000000000000000000000000000000000
                7000000.000000000000000000000000000000011
                7000000.000000000000000000000000000000011
                7000000.000000000000000000000000000000011
                     -0.098904069649055431634465662682487
                      0.029180387765707686831273548477839
                      0.018580589387804203466147967560573
                      0.205826791015394111594716264335148
                      0.000000000000000000000000000000000
                      0.000000000000000000000000000000000
                     -0.118256944033728841891850436240929
                      0.088347871535806157816672623539489
                     -0.017169387409857479048769235419059
                      0.154147559219685065245997179772530
                      0.000000000000000000000000000000000
                      0.000000000000000000000000000000000
                7000000.000000000000000000000000000000011
                7000000.000000000000000000000000000000011
                7000000.000000000000000000000000000000011
            52999055475.208312988281250000000000000011512
          ***********************************************
          -188487208609.436004638671875000000000000040942
          ***********************************************
                      0.000000000000000000000000000000000
                      0.000000000000000000000000000000000
                      0.029819364142120035471306138674663
                      0.010415127788952930482091474573281
                     -0.073469204213656311153179956363601
                      0.072987533442017984985916712048493
                      0.000000000000000000000000000000000
                      0.000000000000000000000000000000000
                7000000.000000000000000000000000000000011
                7000000.000000000000000000000000000000011
                7000000.000000000000000000000000000000011
                      0.063945451837245523285524484435882
                     -0.289754685562450209346252449904568
                      0.016916217504160214329944622591029
                      0.393112965598043484494183985589189
                      0.000000000000000000000000000000000
                      0.000000000000000000000000000000000
                      0.001629564253011419553557326267423
                     -0.105553618036458685125467127363663
                      0.082989186843333839771474913504790
                      0.049344448381398391123564550753144
                      0.000000000000000000000000000000000
                      0.000000000000000000000000000000000
                7000000.000000000000000000000000000000011
                7000000.000000000000000000000000000000011
                7000000.000000000000000000000000000000011
                      0.041403616318301174337168646388818
                      0.043386993888908938210580146233042
                      0.038191009634236078307267803211289
                      0.252575071590505795260384047651314
                      0.000000000000000000000000000000000
                      0.000000000000000000000000000000000
                     -0.012321357126763072056818693056357
                      0.001056514277748188315037003448538
                      0.054137123166371127480633873574334
                      0.157461384674482229861780524515780
                      0.000000000000000000000000000000000
                      0.000000000000000000000000000000000
                7000000.000000000000000000000000000000011
                7000000.000000000000000000000000000000011
                7000000.000000000000000000000000000000011
             5696361668.412683486938476562499999999996365
             3815503395.892756938934326171874999999997565
            18108537477.239055633544921875000000000003933
            12564105610.515472412109375000000000000002729
                      0.000000000000000000000000000000000
                      0.000000000000000000000000000000000
                     -0.030748003181914000669916475771970
                     -0.101188416150355731115695334665361
                     -0.072669164327401114533699910680298
                     -0.161566659243848498306306282756850
                      0.000000000000000000000000000000000
                      0.000000000000000000000000000000000
                7000000.000000000000000000000000000000011
                7000000.000000000000000000000000000000011
                7000000.000000000000000000000000000000011
                      0.009817724005178067939181296708284
                      0.212093642535721493835865203436697
                     -0.106933726361517156266955907994998
                      0.343795499943845284107624138414394
                      0.000000000000000000000000000000000
                      0.000000000000000000000000000000000
                      0.026912961428976579086880249747082
                      0.271174277600712998470555703534046
                      0.185668032355177037295845821063267
                      0.098954278424185165841109323991986
                      0.000000000000000000000000000000000
                      0.000000000000000000000000000000000
                7000000.000000000000000000000000000000011
                7000000.000000000000000000000000000000011
                7000000.000000000000000000000000000000011
                     -0.056530500377000962586304666501746
                      0.167714677632611802726714245181938
                      0.002620579486725512809164317928889
                      0.113118642121636497899217488338763
                      0.000000000000000000000000000000000
                      0.000000000000000000000000000000000
                     -0.005985512007250945627767624301896
                     -0.016234169052001586747158157209014
                     -0.025475335381127776901433179546075
                      0.051695958968390992582797593968280
                      0.000000000000000000000000000000000
                      0.000000000000000000000000000000000
                7000000.000000000000000000000000000000011
                7000000.000000000000000000000000000000011
                7000000.000000000000000000000000000000011
                     -0.011079965872426978529263763562085
                      0.021799646280006104021031987372226
                      0.030834595124635932883450095687294
                      0.195467314593384289267419262614567
                      0.000000000000000000000000000000000
                      0.000000000000000000000000000000000
               -1720536.960103787248954176902770996093753
          ***********************************************
                4104355.246102489065378904342651367187506
          ***********************************************
                      0.000000000000000000000000000000000
                      0.000000000000000000000000000000000
                7000000.000000000000000000000000000000011
                7000000.000000000000000000000000000000011
                7000000.000000000000000000000000000000011
                     -0.051928547519332270143710417187322
                     -0.099449594709593608365949535254913
                      0.127813201158808426027846394390508
                      0.059770686615148116427320701404824
                      0.000000000000000000000000000000000
                      0.000000000000000000000000000000000
                      0.001941478273258282058119639224003
                     -0.012873992416366192292898062987661
                      0.145162472859504371180960902165680
                     -0.130781885951704535120398986691725
                      0.000000000000000000000000000000000
                      0.000000000000000000000000000000000
                7000000.000000000000000000000000000000011
                7000000.000000000000000000000000000000011
                7000000.000000000000000000000000000000011
                     -0.023101342333760946368137467743509
                     -0.154518022317206737969996765968972
                     -0.048971221999353754805728300425471
                      0.334695957568688029493131352865021
                      0.000000000000000000000000000000000
                      0.000000000000000000000000000000000
                      0.165988737904209787688003530092828
                      0.190850160999747053836017585126683
                      0.021428269358864084070948052840322
                      0.184251138803572023228127818583744
                      0.000000000000000000000000000000000
                      0.000000000000000000000000000000000
                7000000.000000000000000000000000000000011
                7000000.000000000000000000000000000000011
                7000000.000000000000000000000000000000011
                     -0.085427956932983939442038945344393
                      0.101964542722424403309311458087905
                     -0.004065817221302520795278567788955
                      0.094546520000520731241699934344069
                      0.000000000000000000000000000000000
                      0.000000000000000000000000000000000
                      0.029470796691290098573423605898824
                      0.044398594324529729038264491691734
                     -0.030641382892685090771900391359850
                      0.143892205222018232380065683173598
                      0.000000000000000000000000000000000
                      0.000000000000000000000000000000000
                7000000.000000000000000000000000000000011
                7000000.000000000000000000000000000000011
                7000000.000000000000000000000000000000011
                      0.003915620072596220566096825166369
                     -0.006417021219533722981021028886062
                      0.083840366358711490568644819632027
                      0.025189081809834864417174671302746
                      0.000000000000000000000000000000000
                      0.000000000000000000000000000000000
                      0.075728088765734627441084114707337
                     -0.239234241580977058383439270983217
                     -0.003245851801768156758704053643783
                      0.107012753433910257072625427099410
                      0.000000000000000000000000000000000
                      0.000000000000000000000000000000000
                7000000.000000000000000000000000000000011
                7000000.000000000000000000000000000000011
                7000000.000000000000000000000000000000011
                2852044.362943532876670360565185546875005
          ***********************************************
                5950091.092092351056635379791259765625009
          ***********************************************
                      0.000000000000000000000000000000000
                      0.000000000000000000000000000000000
                      0.037492176628887700917669434375057
                     -0.014198138909123339881923619998361
                     -0.042029364251937595398089797527064
                     -0.032861523075624884948631176939671
                      0.000000000000000000000000000000000
                      0.000000000000000000000000000000000
                7000000.000000000000000000000000000000011
                7000000.000000000000000000000000000000011
                7000000.000000000000000000000000000000011
                      0.107830742028374573782123491128004
                      0.055320765667309042268318108881431
                      0.078391226245800874061764318412315
                      0.098817572923899005266079598186479
                      0.000000000000000000000000000000000
                      0.000000000000000000000000000000000
                      0.201226960809009008945835716986039
                     -0.136294718597457176212373042289983
                      0.023230923854969602604381151422785
                      0.256442082778192748104828524446930
                      0.000000000000000000000000000000000
                      0.000000000000000000000000000000000
                7000000.000000000000000000000000000000011
                7000000.000000000000000000000000000000011
                7000000.000000000000000000000000000000011
                      0.011294797382992476791896407917193
                      0.371137631825914304783964325906709
                      0.003593817692937719375512184427635
                      0.064430124799634405641235446182691
                      0.000000000000000000000000000000000
                      0.000000000000000000000000000000000
                 -76485.989538768611964769661426544189453
          ***********************************************
                -140760.636351501103490591049194335937500
          ***********************************************
                      0.000000000000000000000000000000000
                      0.000000000000000000000000000000000
                7000000.000000000000000000000000000000011
                7000000.000000000000000000000000000000011
                7000000.000000000000000000000000000000011
                      0.012665550916998148667236279152348
                      0.052680623319685544736490356854119
                      0.155420499559044855697464981858502
                     -0.084371402354502841869354767823097
                      0.000000000000000000000000000000000
                      0.000000000000000000000000000000000
                      0.033850231932759239361629965969769
                      0.315399616140096261673875233100262
                      0.070770740133753048950460140531504
                     -0.066597766384819331864086677796877
                      0.000000000000000000000000000000000
                      0.000000000000000000000000000000000
                7000000.000000000000000000000000000000011
                7000000.000000000000000000000000000000011
                7000000.000000000000000000000000000000011
                     -0.039039393417928718033049761970688
                      0.211669732872483723484791084956669
                      0.089286176729934482731998457438749
                      0.025276972444131982908910316609763
                      0.000000000000000000000000000000000
                      0.000000000000000000000000000000000
                      0.106058930439948670421124177210004
                      0.090927868177422460638226198170742
                     -0.098853470158297263026270229602233
                     -0.037129324754429322841264848875653
                      0.000000000000000000000000000000000
                      0.000000000000000000000000000000000
                7000000.000000000000000000000000000000011
                7000000.000000000000000000000000000000011
                7000000.000000000000000000000000000000011
                     -0.073493445841953608521635032957420
                      0.248423722054089191058068308848306
                      0.047092345458312707962011955942216
                      0.277866705408122360854150656450656
                      0.000000000000000000000000000000000
                      0.000000000000000000000000000000000
          ***********************************************
          -502445569285.616882324218750000000000000109138
          ***********************************************
          ***********************************************
                      0.000000000000000000000000000000000
                      0.000000000000000000000000000000000
                7000000.000000000000000000000000000000011
                7000000.000000000000000000000000000000011
                7000000.000000000000000000000000000000011
                 -22435.529863072577427374199032783508301
                   -299.418205927070630423258990049362183
                 -10277.440475651519591338001191616058350
                   -696.884480366019602115557063370943069
                      0.000000000000000000000000000000000
                      0.000000000000000000000000000000000
                     -0.016956335665083671626618411210075
                     -0.079581346980242440025676842196845
                     -0.020631055278069063141366257241316
                      0.149105572437856825906976609985577
                      0.000000000000000000000000000000000
                      0.000000000000000000000000000000000
                7000000.000000000000000000000000000000011
                7000000.000000000000000000000000000000011
                7000000.000000000000000000000000000000011
                      0.010265330623052997677246978014409
                      0.108232229660695594697372712289507
                      0.074314416424207510591948278033669
                      0.027861655600019342299278335417512
                      0.000000000000000000000000000000000
                      0.000000000000000000000000000000000
                  35508.986737451268709264695644378662109
                  11558.601978522481658728793263435363770
                 145162.200077846791828051209449768066406
                  47444.525410655282030347734689712524414
                      0.000000000000000000000000000000000
                      0.000000000000000000000000000000000
                7000000.000000000000000000000000000000011
                7000000.000000000000000000000000000000011
                7000000.000000000000000000000000000000011
                      0.088538446423182370903504079251434
                     -0.141878353557234826443078645752394
                      0.167852732061046033829043722107599
                      0.213967147803866136746009374292044
                      0.000000000000000000000000000000000
                      0.000000000000000000000000000000000
                     -0.020100776874446626973913510028069
                      0.181603493941238147701966454405920
                      0.016085841484705817178157971625296
                      0.097314240905328044939359699583292
                      0.000000000000000000000000000000000
                      0.000000000000000000000000000000000
                7000000.000000000000000000000000000000011
                7000000.000000000000000000000000000000011
                7000000.000000000000000000000000000000011
                      0.076524581169797989410596983361756
                     -0.120115981254151987789313693610893
                     -0.026419259776457041516417589832599
                      0.113593082659365060549383485977160
                      0.000000000000000000000000000000000
                      0.000000000000000000000000000000000
          ***********************************************
          ***********************************************
          ***********************************************
          ***********************************************
                      0.000000000000000000000000000000000
                      0.000000000000000000000000000000000
                7000000.000000000000000000000000000000011
                7000000.000000000000000000000000000000011
                7000000.000000000000000000000000000000011
