 60.000000  0.031074
 60.015625  0.046317
 60.031250  0.040714
 60.046875  0.041255
 60.062500  0.037381
 60.078125  0.040916
 60.093750  0.041508
 60.109375  0.042362
 60.125000  0.040537
 60.140625  0.058728
 60.156250  0.048198
 60.171875  0.047012
 60.187500  0.050077
 60.203125  0.055433
 60.218750  0.053938
 60.234375  0.057330
 60.250000  0.060212
 60.265625  0.069163
 60.281250  0.067886
 60.296875  0.065547
 60.312500  0.111648
 60.328125  0.099836
 60.343750  0.115462
 60.359375  0.130157
 60.375000  0.158690
 60.390625  0.209106
 60.406250  0.333654
 60.421875  1.000000
 60.437500  0.644135
 60.453125  0.235429
 60.468750  0.099455
 60.484375  0.046425
