 62.000000  0.154108
 62.015625  0.041024
 62.031250  0.023718
 62.046875  0.021433
 62.062500  0.043658
 62.078125  0.033773
 62.093750  0.033728
 62.109375  0.033863
 62.125000  0.055647
 62.140625  0.069476
 62.156250  0.051320
 62.171875  0.040093
 62.187500  0.048529
 62.203125  0.030490
 62.218750  0.048805
 62.234375  0.052391
 62.250000  0.055303
 62.265625  0.103438
 62.281250  0.208851
 62.296875  0.198208
 62.312500  0.136279
 62.328125  0.121903
 62.343750  0.050861
 62.359375  0.072065
 62.375000  0.092378
 62.390625  0.149901
 62.406250  0.204755
 62.421875  1.000000
 62.437500  0.318620
 62.453125  0.186862
 62.468750  0.083238
 62.484375  0.051212
