            0.044335468374742545427658058088127
            0.142510546700000018116583078153781
           -0.212074321363242807025883962523949
           -0.000019914486060000001184724927050
            0.000000000000000000000000000000000
            0.000000000000000000000000000000000
            0.151935204724390898745056688312616
            0.142510546700000018116583078153781
            0.087680400217656787043019050997827
           -0.000019914486060000001184724927050
            0.000000000000000000000000000000000
            0.000000000000000000000000000000000
      7000000.000000000000000000000000000000000
      7000000.000000000000000000000000000000000
      7000000.000000000000000000000000000000000
            0.113320978384408993511200947068573
            0.142510546700000018116583078153781
           -0.090083676403792556364180654782103
           -0.000019914486060000001184724927050
            0.000000000000000000000000000000000
            0.000000000000000000000000000000000
           -0.038107658127097737699173762848659
            0.142510546700000018116583078153781
            0.100016489472002603755562688547798
           -0.000019914486060000001184724927050
            0.000000000000000000000000000000000
            0.000000000000000000000000000000000
      7000000.000000000000000000000000000000000
      7000000.000000000000000000000000000000000
      7000000.000000000000000000000000000000000
            0.124155306028366288484399149183446
            0.142510546700000018116583078153781
            0.012054869352647204147621629033438
           -0.000019914486060000001184724927050
            0.000000000000000000000000000000000
            0.000000000000000000000000000000000
           -0.076121848885847664956116886969539
            0.142510546700000018116583078153781
            0.124140423212568559718782523759728
           -0.000019914486060000001184724927050
            0.000000000000000000000000000000000
            0.000000000000000000000000000000000
      7000000.000000000000000000000000000000000
      7000000.000000000000000000000000000000000
      7000000.000000000000000000000000000000000
           -0.183388932796793829860249047669640
            0.142510546700000018116583078153781
            0.093141755199941042575595417929435
           -0.000019914486060000001184724927050
            0.000000000000000000000000000000000
            0.000000000000000000000000000000000
            0.067442792601275239339209122135799
            0.142510546700000018116583078153781
           -0.036993417373129333647341354662785
           -0.000019914486060000001184724927050
            0.000000000000000000000000000000000
            0.000000000000000000000000000000000
      7000000.000000000000000000000000000000000
      7000000.000000000000000000000000000000000
      7000000.000000000000000000000000000000000
           -0.089025603350779441980122896893590
            0.142510546700000018116583078153781
           -0.111113144584715758944604147018254
           -0.000019914486060000001184724927050
            0.000000000000000000000000000000000
            0.000000000000000000000000000000000
           -0.075526452931017507008704114923603
            0.142510546700000018116583078153781
           -0.018884359323010493220129646374517
           -0.000019914486060000001184724927050
            0.000000000000000000000000000000000
            0.000000000000000000000000000000000
      7000000.000000000000000000000000000000000
      7000000.000000000000000000000000000000000
      7000000.000000000000000000000000000000000
            0.070936448806358687324546963282046
            0.142510546700000018116583078153781
           -0.220752714258756838061614757862117
           -0.000019914486060000001184724927050
            0.000000000000000000000000000000000
            0.000000000000000000000000000000000
           -0.163566534464858776010132146438991
            0.142510546700000018116583078153781
           -0.166976615379016812834578331603552
           -0.000019914486060000001184724927050
            0.000000000000000000000000000000000
            0.000000000000000000000000000000000
      7000000.000000000000000000000000000000000
      7000000.000000000000000000000000000000000
      7000000.000000000000000000000000000000000
           -0.041949107537198375428300067824239
            0.142510546700000018116583078153781
            0.065919516913732614793453024049086
           -0.000019914486060000001184724927050
            0.000000000000000000000000000000000
            0.000000000000000000000000000000000
            0.075453564476954643192030403042736
            0.142510546700000018116583078153781
           -0.014515108991826425333115935245587
           -0.000019914486060000001184724927050
            0.000000000000000000000000000000000
            0.000000000000000000000000000000000
      7000000.000000000000000000000000000000000
      7000000.000000000000000000000000000000000
      7000000.000000000000000000000000000000000
           -0.161186218815871501464087600652419
            0.142510546700000018116583078153781
            0.145653080160893233507835020645871
           -0.000019914486060000001184724927050
            0.000000000000000000000000000000000
            0.000000000000000000000000000000000
            0.081118056207302377536016990688950
            0.142510546700000018116583078153781
           -0.137453638447537662692354842874920
           -0.000019914486060000001184724927050
            0.000000000000000000000000000000000
            0.000000000000000000000000000000000
      7000000.000000000000000000000000000000000
      7000000.000000000000000000000000000000000
      7000000.000000000000000000000000000000000
           -0.012058120929144299990354305407436
            0.142510546700000018116583078153781
           -0.198152325719847810514551156302332
           -0.000019914486060000001184724927050
            0.000000000000000000000000000000000
            0.000000000000000000000000000000000
            0.049104290056812653630924359049459
            0.142510546700000018116583078153781
            0.152604470338262021567032888924587
           -0.000019914486060000001184724927050
            0.000000000000000000000000000000000
            0.000000000000000000000000000000000
      7000000.000000000000000000000000000000000
      7000000.000000000000000000000000000000000
      7000000.000000000000000000000000000000000
            0.165043923300948802701526574310265
            0.142510546700000018116583078153781
           -0.116781447868684676305583991506865
           -0.000019914486060000001184724927050
            0.000000000000000000000000000000000
            0.000000000000000000000000000000000
           -0.174388010695403022909388823791232
            0.142510546700000018116583078153781
            0.030489789224752442131638474620559
           -0.000019914486060000001184724927050
            0.000000000000000000000000000000000
            0.000000000000000000000000000000000
      7000000.000000000000000000000000000000000
      7000000.000000000000000000000000000000000
      7000000.000000000000000000000000000000000
            0.022844415541390907659069497981363
            0.142510546700000018116583078153781
            0.121331316697691718453633313856699
           -0.000019914486060000001184724927050
            0.000000000000000000000000000000000
            0.000000000000000000000000000000000
            0.070626845241602273506309472850262
            0.142510546700000018116583078153781
            0.161776143324417143176674471760634
           -0.000019914486060000001184724927050
            0.000000000000000000000000000000000
            0.000000000000000000000000000000000
      7000000.000000000000000000000000000000000
      7000000.000000000000000000000000000000000
      7000000.000000000000000000000000000000000
           -0.112049084994328654318884730400896
            0.142510546700000018116583078153781
           -0.190105424752499890805879090294184
           -0.000019914486060000001184724927050
            0.000000000000000000000000000000000
            0.000000000000000000000000000000000
            0.198426770930883455967830286681419
            0.142510546700000018116583078153781
           -0.070598572359435632361801538081636
           -0.000019914486060000001184724927050
            0.000000000000000000000000000000000
            0.000000000000000000000000000000000
      7000000.000000000000000000000000000000000
      7000000.000000000000000000000000000000000
      7000000.000000000000000000000000000000000
           -0.047293280263248436978695821153451
            0.142510546700000018116583078153781
            0.153391126139416994478281708325085
           -0.000019914486060000001184724927050
            0.000000000000000000000000000000000
            0.000000000000000000000000000000000
           -0.055478750739123124102736284157800
            0.142510546700000018116583078153781
            0.193652125762653504192911668724264
           -0.000019914486060000001184724927050
            0.000000000000000000000000000000000
            0.000000000000000000000000000000000
      7000000.000000000000000000000000000000000
      7000000.000000000000000000000000000000000
      7000000.000000000000000000000000000000000
           -0.169915437553239040413544103103050
            0.142510546700000018116583078153781
            0.144939442797815676300388076924719
           -0.000019914486060000001184724927050
            0.000000000000000000000000000000000
            0.000000000000000000000000000000000
            0.016383099074168273878715496039149
            0.142510546700000018116583078153781
           -0.119280422433144864258203199369746
           -0.000019914486060000001184724927050
            0.000000000000000000000000000000000
            0.000000000000000000000000000000000
      7000000.000000000000000000000000000000000
      7000000.000000000000000000000000000000000
      7000000.000000000000000000000000000000000
            0.005225472882693473104798176365193
            0.142510546700000018116583078153781
            0.100908914901702395638949383283034
           -0.000019914486060000001184724927050
            0.000000000000000000000000000000000
            0.000000000000000000000000000000000
           -0.054680120966257621251127574169004
            0.142510546700000018116583078153781
            0.049232436657297623527895780171093
           -0.000019914486060000001184724927050
            0.000000000000000000000000000000000
            0.000000000000000000000000000000000
      7000000.000000000000000000000000000000000
      7000000.000000000000000000000000000000000
      7000000.000000000000000000000000000000000
            0.028554757519078849403726394484693
            0.142510546700000018116583078153781
           -0.086232100718573054254356691217254
           -0.000019914486060000001184724927050
            0.000000000000000000000000000000000
            0.000000000000000000000000000000000
            0.106026680109723117628739430529095
            0.142510546700000018116583078153781
           -0.142727326408673832469631292951817
           -0.000019914486060000001184724927050
            0.000000000000000000000000000000000
            0.000000000000000000000000000000000
      7000000.000000000000000000000000000000000
      7000000.000000000000000000000000000000000
      7000000.000000000000000000000000000000000
           -0.013991124847813229958859437829233
            0.142510546700000018116583078153781
            0.079582964695979613312104561373417
           -0.000019914486060000001184724927050
            0.000000000000000000000000000000000
            0.000000000000000000000000000000000
            0.201266801668326195118297050612455
            0.142510546700000018116583078153781
           -0.030662772982055705450754601315566
           -0.000019914486060000001184724927050
            0.000000000000000000000000000000000
            0.000000000000000000000000000000000
      7000000.000000000000000000000000000000000
      7000000.000000000000000000000000000000000
      7000000.000000000000000000000000000000000
           -0.125423906932931594759850213449681
            0.142510546700000018116583078153781
           -0.020234808217142366548735310516349
           -0.000019914486060000001184724927050
            0.000000000000000000000000000000000
            0.000000000000000000000000000000000
           -0.205454413281848380368188600186841
            0.142510546700000018116583078153781
            0.111189464336446358627696895382542
           -0.000019914486060000001184724927050
            0.000000000000000000000000000000000
            0.000000000000000000000000000000000
      7000000.000000000000000000000000000000000
      7000000.000000000000000000000000000000000
      7000000.000000000000000000000000000000000
            0.073704558325135435814523532371823
            0.142510546700000018116583078153781
           -0.096427015259833687155222037290514
           -0.000019914486060000001184724927050
            0.000000000000000000000000000000000
            0.000000000000000000000000000000000
           -0.068743212118361471385519223531446
            0.142510546700000018116583078153781
            0.080302602715937018706959804603684
           -0.000019914486060000001184724927050
            0.000000000000000000000000000000000
            0.000000000000000000000000000000000
      7000000.000000000000000000000000000000000
      7000000.000000000000000000000000000000000
      7000000.000000000000000000000000000000000
            0.093438628271138829406439185731870
            0.142510546700000018116583078153781
           -0.175722525794614337080190580309136
           -0.000019914486060000001184724927050
            0.000000000000000000000000000000000
            0.000000000000000000000000000000000
            0.201392736074157946424278975428024
            0.142510546700000018116583078153781
            0.010263452105280604712000958045337
           -0.000019914486060000001184724927050
            0.000000000000000000000000000000000
            0.000000000000000000000000000000000
      7000000.000000000000000000000000000000000
      7000000.000000000000000000000000000000000
      7000000.000000000000000000000000000000000
            0.002251226429003594636107932203117
            0.142510546700000018116583078153781
           -0.070152224230127110948807001022942
           -0.000019914486060000001184724927050
            0.000000000000000000000000000000000
            0.000000000000000000000000000000000
            0.123356794156643481685797780755820
            0.142510546700000018116583078153781
           -0.000455574672134916394423270746827
           -0.000019914486060000001184724927050
            0.000000000000000000000000000000000
            0.000000000000000000000000000000000
      7000000.000000000000000000000000000000000
      7000000.000000000000000000000000000000000
      7000000.000000000000000000000000000000000
           -0.139393802692829138489827300873003
            0.142510546700000018116583078153781
            0.161006469293650061880285306870064
           -0.000019914486060000001184724927050
            0.000000000000000000000000000000000
            0.000000000000000000000000000000000
            0.162426037351496244109938515975955
            0.142510546700000018116583078153781
            0.008184015010813198640060583954892
           -0.000019914486060000001184724927050
            0.000000000000000000000000000000000
            0.000000000000000000000000000000000
      7000000.000000000000000000000000000000000
      7000000.000000000000000000000000000000000
      7000000.000000000000000000000000000000000
            0.113055782892106687631539330141095
            0.142510546700000018116583078153781
           -0.091499001535163382303750267965370
           -0.000019914486060000001184724927050
            0.000000000000000000000000000000000
            0.000000000000000000000000000000000
            0.127196832255354858043361332420318
            0.142510546700000018116583078153781
            0.137222372966627675916484463414236
           -0.000019914486060000001184724927050
            0.000000000000000000000000000000000
            0.000000000000000000000000000000000
      7000000.000000000000000000000000000000000
      7000000.000000000000000000000000000000000
      7000000.000000000000000000000000000000000
           -0.035259496018388632176954189390017
            0.142510546700000018116583078153781
            0.194639892665929237214328395566554
           -0.000019914486060000001184724927050
            0.000000000000000000000000000000000
            0.000000000000000000000000000000000
            0.139731150680169752265058491502714
            0.142510546700000018116583078153781
           -0.138221231372183117613872127549257
           -0.000019914486060000001184724927050
            0.000000000000000000000000000000000
            0.000000000000000000000000000000000
      7000000.000000000000000000000000000000000
      7000000.000000000000000000000000000000000
      7000000.000000000000000000000000000000000
            0.062844584708679221418670124421624
            0.142510546700000018116583078153781
           -0.007769202795595630400837805495939
           -0.000019914486060000001184724927050
            0.000000000000000000000000000000000
            0.000000000000000000000000000000000
            0.152041012855278212523302272529691
            0.142510546700000018116583078153781
           -0.038954973920061419789817591663450
           -0.000019914486060000001184724927050
            0.000000000000000000000000000000000
            0.000000000000000000000000000000000
      7000000.000000000000000000000000000000000
      7000000.000000000000000000000000000000000
      7000000.000000000000000000000000000000000
           -0.067573648841800990072492538729421
            0.142510546700000018116583078153781
           -0.178304986216427319156707653746707
           -0.000019914486060000001184724927050
            0.000000000000000000000000000000000
            0.000000000000000000000000000000000
           -0.043750024559540003077362513295157
            0.142510546700000018116583078153781
            0.015539689396026902870606711815071
           -0.000019914486060000001184724927050
            0.000000000000000000000000000000000
            0.000000000000000000000000000000000
      7000000.000000000000000000000000000000000
      7000000.000000000000000000000000000000000
      7000000.000000000000000000000000000000000
            0.135006924467207023443648949978524
            0.142510546700000018116583078153781
            0.153748612587489008607377627413371
           -0.000019914486060000001184724927050
            0.000000000000000000000000000000000
            0.000000000000000000000000000000000
            0.187250518603103960346700773698103
            0.142510546700000018116583078153781
           -0.063451679860449694547952503853594
           -0.000019914486060000001184724927050
            0.000000000000000000000000000000000
            0.000000000000000000000000000000000
      7000000.000000000000000000000000000000000
      7000000.000000000000000000000000000000000
      7000000.000000000000000000000000000000000
            0.009220418942079916871379374754270
            0.142510546700000018116583078153781
            0.103344703695147671629328556264227
           -0.000019914486060000001184724927050
            0.000000000000000000000000000000000
            0.000000000000000000000000000000000
            0.172595704399410271312476083949150
            0.142510546700000018116583078153781
            0.065424719176562659561646739803109
           -0.000019914486060000001184724927050
            0.000000000000000000000000000000000
            0.000000000000000000000000000000000
      7000000.000000000000000000000000000000000
      7000000.000000000000000000000000000000000
      7000000.000000000000000000000000000000000
           -0.018311061999407934886008320063411
            0.142510546700000018116583078153781
           -0.173097254628274493937212241689849
           -0.000019914486060000001184724927050
            0.000000000000000000000000000000000
            0.000000000000000000000000000000000
           -0.058795263255155605364166149229277
            0.142510546700000018116583078153781
           -0.124913952471952569012181299967779
           -0.000019914486060000001184724927050
            0.000000000000000000000000000000000
            0.000000000000000000000000000000000
      7000000.000000000000000000000000000000000
      7000000.000000000000000000000000000000000
      7000000.000000000000000000000000000000000
           -0.016898225551199765742671488055748
            0.142510546700000018116583078153781
           -0.117734112998451850851111544216110
           -0.000019914486060000001184724927050
            0.000000000000000000000000000000000
            0.000000000000000000000000000000000
            0.136542585806959160255047436294262
            0.142510546700000018116583078153781
           -0.126201922075121875099767976280418
           -0.000019914486060000001184724927050
            0.000000000000000000000000000000000
            0.000000000000000000000000000000000
      7000000.000000000000000000000000000000000
      7000000.000000000000000000000000000000000
      7000000.000000000000000000000000000000000
