
 ETALL    1, NO =    1, NV =    4, INA =  302
 *********************************************

    I  COEFFICIENT          ORDER   EXPONENTS
     1  0.63462645498967E-08    0     0 0  0 0
0.63462645498967E-08
     2  -.32137724713774        1     1 0  0 0
-.32137724713774    
     3  0.52618861054380        1     0 1  0 0
0.52618861054380    
     4  0.34616374594198E-02    1     0 0  1 0
0.34616374594198E-02
     5  -.11531100349338E-02    1     0 0  0 1
-.11531100349338E-02
                                      

 ETALL    2, NO =    1, NV =    4, INA =  303
 *********************************************

    I  COEFFICIENT          ORDER   EXPONENTS
     1  0.14250011004079        0     0 0  0 0
0.14250011004079    
     2  -1.7069560242501        1     1 0  0 0
-1.7069560242501    
     3  -.31682294422901        1     0 1  0 0
-.31682294422901    
     4  0.93742801930226E-03    1     0 0  1 0
0.93742801930226E-03
     5  -.45795301821755E-03    1     0 0  0 1
-.45795301821755E-03
                                      

 ETALL    3, NO =    1, NV =    4, INA =  304
 *********************************************

    I  COEFFICIENT          ORDER   EXPONENTS
     1  0.70102476821123E-08    0     0 0  0 0
0.70102476821123E-08
     2  0.22466737160072E-02    1     1 0  0 0
0.22466737160072E-02
     3  0.60397049515443E-03    1     0 1  0 0
0.60397049515443E-03
     4  -.36756602198392        1     0 0  1 0
-.36756602198392    
     5  0.52001995028293        1     0 0  0 1
0.52001995028293    
                                      

 ETALL    4, NO =    1, NV =    4, INA =  305
 *********************************************

    I  COEFFICIENT          ORDER   EXPONENTS
     1  -.23071981810623E-09    0     0 0  0 0
-.23071981810623E-09
     2  -.51459587250302E-02    1     1 0  0 0
-.51459587250302E-02
     3  -.16078511634570E-02    1     0 1  0 0
-.16078511634570E-02
     4  -1.6540521050882        1     0 0  1 0
-1.6540521050882    
     5  -.38050418826047        1     0 0  0 1
-.38050418826047    
                                      
