                     -0.008487309496472666969779652390571
                      0.087693758553278502998473697971349
                      0.230368710141938659585747473101947
                      0.008705946089360920570054958034234
                      0.000000000000000000000000000000000
                      0.000000000000000000000000000000000
                  -3648.936906969616302376380190253257751
                  -2614.355026197283223154954612255096436
                    -96.608800892942753080205875448882580
                   -110.308205848696530892993905581533909
                      0.000000000000000000000000000000000
                      0.000000000000000000000000000000000
                7000000.000000000000000000000000000000011
                7000000.000000000000000000000000000000011
                7000000.000000000000000000000000000000011
                      0.003914913009004932983869728957416
                      0.357403174059278960772445543625508
                     -0.078534473851322644799566319306905
                      0.032845119788894303058945922657585
                      0.000000000000000000000000000000000
                      0.000000000000000000000000000000000
                     -0.039563972391372548287336030625738
                      0.157767317635966741740105589997256
                     -0.089600428455923697423912699377979
                     -0.092076307390306297295801130076143
                      0.000000000000000000000000000000000
                      0.000000000000000000000000000000000
                7000000.000000000000000000000000000000011
                7000000.000000000000000000000000000000011
                7000000.000000000000000000000000000000011
                     -0.036270188691548820025811750156208
                     -0.063109910647120182058955606407835
                      0.013877576630103539631622133754263
                     -0.070082874889388677153156947952084
                      0.000000000000000000000000000000000
                      0.000000000000000000000000000000000
                     -0.011238302053205743991082243837809
                      0.280702065956281887615375580935506
                      0.113436834370872499655469312074274
                      0.126851196173880992335014639138535
                      0.000000000000000000000000000000000
                      0.000000000000000000000000000000000
                7000000.000000000000000000000000000000011
                7000000.000000000000000000000000000000011
                7000000.000000000000000000000000000000011
                4907826.357525412924587726593017578125008
                1617292.499157593585550785064697265625003
               -4316404.419987101107835769653320312500007
               -1275337.400287659373134374618530273437502
                      0.000000000000000000000000000000000
                      0.000000000000000000000000000000000
                      0.065526465704062536454799214880040
                      0.126992609163033232100303848710610
                      0.036361116825298245291975263171480
                      0.020348600018738855627065120756924
                      0.000000000000000000000000000000000
                      0.000000000000000000000000000000000
                7000000.000000000000000000000000000000011
                7000000.000000000000000000000000000000011
                7000000.000000000000000000000000000000011
                     -0.061514571244019863871521636156103
                      0.272746256231355455046383440276259
                     -0.061296335190865594566567153833603
                     -0.143131991268917485582434778734751
                      0.000000000000000000000000000000000
                      0.000000000000000000000000000000000
                      0.055556735655137433338435215546269
                      0.046930028074599332288396880130676
                     -0.015983031045323902591404063855407
                     -0.011407000736684966973877308760166
                      0.000000000000000000000000000000000
                      0.000000000000000000000000000000000
                7000000.000000000000000000000000000000011
                7000000.000000000000000000000000000000011
                7000000.000000000000000000000000000000011
             1731084911.032983064651489257812499999998895
             1043151621.692800283432006835937499999999334
              207544403.078265100717544555664062500000010
              119295222.775460422039031982421875000000006
                      0.000000000000000000000000000000000
                      0.000000000000000000000000000000000
          ***********************************************
          ***********************************************
          5927597993777.138671875000000000000000009209088
          4112699093708.422363281250000000000000006389470
                      0.000000000000000000000000000000000
                      0.000000000000000000000000000000000
                7000000.000000000000000000000000000000011
                7000000.000000000000000000000000000000011
                7000000.000000000000000000000000000000011
                     -0.038700644177349315111502647823727
                      0.107139826238229415866776150778605
                      0.050160760436709070364535989483556
                     -0.076800126889598488433286149756896
                      0.000000000000000000000000000000000
                      0.000000000000000000000000000000000
                     -0.001016081782252287527001932687654
                      0.277448307970965202251534265087685
                      0.013006112003521355310886598033449
                      0.027764473930842532845009174025108
                      0.000000000000000000000000000000000
                      0.000000000000000000000000000000000
                7000000.000000000000000000000000000000011
                7000000.000000000000000000000000000000011
                7000000.000000000000000000000000000000011
             1759286479.089438438415527343749999999998877
              533582373.259379625320434570312500000000025
             1737929031.163480758666992187499999999998891
              559100938.214325189590454101562500000000026
                      0.000000000000000000000000000000000
                      0.000000000000000000000000000000000
                     -0.026186443170765062032900871713537
                      0.042606891657133494355491620808607
                     -0.094746402541829199961398444429506
                     -0.179237552641311415069225176921464
                      0.000000000000000000000000000000000
                      0.000000000000000000000000000000000
                7000000.000000000000000000000000000000011
                7000000.000000000000000000000000000000011
                7000000.000000000000000000000000000000011
                     -0.006854110305313745703237326978297
                     -0.001893628528912160661340502443295
                     -0.127177410822488290431664381685550
                     -0.276941711449170513414941297014593
                      0.000000000000000000000000000000000
                      0.000000000000000000000000000000000
                      0.020843611190224022033934403452804
                      0.228482871088369426937347839157155
                      0.084347602684716860288460793526610
                      0.249542162895848990133984557360236
                      0.000000000000000000000000000000000
                      0.000000000000000000000000000000000
                7000000.000000000000000000000000000000011
                7000000.000000000000000000000000000000011
                7000000.000000000000000000000000000000011
                     -0.154080825870468895999465530621819
                      0.194880079498835623308394815467182
                      0.113762714494505881579478057119559
                     -0.030126847576170883574731007570335
                      0.000000000000000000000000000000000
                      0.000000000000000000000000000000000
                      0.111561659529814991009821767420362
                     -0.069726923439559843065360666969354
                     -0.044362479602803803202526466975542
                      0.074131100399662377964382642403507
                      0.000000000000000000000000000000000
                      0.000000000000000000000000000000000
                7000000.000000000000000000000000000000011
                7000000.000000000000000000000000000000011
                7000000.000000000000000000000000000000011
                      0.013541144352742459991412182773729
                      0.169973696570014626283651182347967
                      0.088620535022490440346665252491221
                      0.134995338971701323016461060433357
                      0.000000000000000000000000000000000
                      0.000000000000000000000000000000000
                      0.102111573879766159844706407966441
                      0.056193496035261365773028074954709
                     -0.087951290322798594822906181889266
                      0.214357100846018111539592609915417
                      0.000000000000000000000000000000000
                      0.000000000000000000000000000000000
                7000000.000000000000000000000000000000011
                7000000.000000000000000000000000000000011
                7000000.000000000000000000000000000000011
                     -0.021841997748300593512604805823685
                      0.480284297363104906164466001428082
                      0.030134603293508026300440150180293
                      0.340857915586392723472641819171258
                      0.000000000000000000000000000000000
                      0.000000000000000000000000000000000
                     -0.146109576365669707742611649337050
                     -0.081393588196126284706188869222387
                      0.011239818964716725285812870538393
                      0.044156990892072367493881301925285
                      0.000000000000000000000000000000000
                      0.000000000000000000000000000000000
                7000000.000000000000000000000000000000011
                7000000.000000000000000000000000000000011
                7000000.000000000000000000000000000000011
                     -0.041217881022507341093330524017802
                      0.171550263148174869654027929755102
                     -0.159714522311314943703308699696208
                      0.063229187334010977794562791132194
                      0.000000000000000000000000000000000
                      0.000000000000000000000000000000000
                      0.086955417737487494811432497954229
                      0.284772070350382711101389077157364
                     -0.195058622000525400119741448179411
                     -0.033581991190324560203617210163429
                      0.000000000000000000000000000000000
                      0.000000000000000000000000000000000
                7000000.000000000000000000000000000000011
                7000000.000000000000000000000000000000011
                7000000.000000000000000000000000000000011
                 -20640.953509172337362542748451232910156
                 -10278.695488435652805492281913757324219
                  14337.859411511839425656944513320922852
                   7081.444291458709813014138489961624146
                      0.000000000000000000000000000000000
                      0.000000000000000000000000000000000
                     -0.001119820910780934715422763048309
                      0.120489269202767701472112094052136
                     -0.039389309948633724478561646265007
                     -0.193893159023809685814754288912809
                      0.000000000000000000000000000000000
                      0.000000000000000000000000000000000
                7000000.000000000000000000000000000000011
                7000000.000000000000000000000000000000011
                7000000.000000000000000000000000000000011
                      0.007200175261916011079654786897208
                      0.149648554629408375715726720045495
                      0.090827569057736590174556567944819
                      0.064116977974947156337925946445466
                      0.000000000000000000000000000000000
                      0.000000000000000000000000000000000
                     -0.030978121519932295957477919046141
                      0.225491717047131778883795050205663
                      0.052020400322497918621511558967541
                     -0.006529971828438918025894199814729
                      0.000000000000000000000000000000000
                      0.000000000000000000000000000000000
                7000000.000000000000000000000000000000011
                7000000.000000000000000000000000000000011
                7000000.000000000000000000000000000000011
                      0.008380662493718922176344499064271
                      0.185766389475726600988281234094757
                      0.003058829966478883357478002480434
                     -0.148883353519902644768180266510171
                      0.000000000000000000000000000000000
                      0.000000000000000000000000000000000
                      0.152765711243622342996317797769734
                      0.180793909058275859003117602696875
                     -0.158715172503350071542271848556993
                      0.132337985007280833915643825093866
                      0.000000000000000000000000000000000
                      0.000000000000000000000000000000000
                7000000.000000000000000000000000000000011
                7000000.000000000000000000000000000000011
                7000000.000000000000000000000000000000011
                     -0.010927874913124689323917770877870
                      0.152575966930447864955411318987899
                      0.070406655168261722543832092924276
                      0.061564522072897684412673413589800
                      0.000000000000000000000000000000000
                      0.000000000000000000000000000000000
                     -0.200110684679868588986551003472414
                      0.283621424473304073465840247081360
                      0.033137502502521037905935941125790
                     -0.035092563287772923774632261029183
                      0.000000000000000000000000000000000
                      0.000000000000000000000000000000000
                7000000.000000000000000000000000000000011
                7000000.000000000000000000000000000000011
                7000000.000000000000000000000000000000011
                      0.028149721690913526855881698907069
                     -0.079348217357193204235521477585280
                      0.004644206903361096545890251974242
                     -0.034220644115082070324529439631078
                      0.000000000000000000000000000000000
                      0.000000000000000000000000000000000
                 122106.799029910136596299707889556884766
                  14646.125308467046124860644340515136719
                  55425.336686097034544218331575393676758
                   4602.367906480578312766738235950469971
                      0.000000000000000000000000000000000
                      0.000000000000000000000000000000000
                7000000.000000000000000000000000000000011
                7000000.000000000000000000000000000000011
                7000000.000000000000000000000000000000011
                     -0.016888475358178427904176643892242
                      0.262804415628978715879782157571753
                     -0.048975192465636717409349643048699
                      0.147105723715155928266185014763323
                      0.000000000000000000000000000000000
                      0.000000000000000000000000000000000
                     -0.065735738548693356531060771885677
                      0.131099696880708632695800019973831
                     -0.079099903518208031227842980115383
                      0.056098420222391393030747508419154
                      0.000000000000000000000000000000000
                      0.000000000000000000000000000000000
                7000000.000000000000000000000000000000011
                7000000.000000000000000000000000000000011
                7000000.000000000000000000000000000000011
                      0.100087953426083953178959973229212
                      0.286109828258820420021635300145135
                      0.190430834097410517369297622281010
                      0.029437192432741607350799029063637
                      0.000000000000000000000000000000000
                      0.000000000000000000000000000000000
                      0.193040881685229787079194352372724
                      0.290354655269652595084295398919494
                     -0.043049113905958766301829143685609
                      0.042113219566814345806715635944784
                      0.000000000000000000000000000000000
                      0.000000000000000000000000000000000
                7000000.000000000000000000000000000000011
                7000000.000000000000000000000000000000011
                7000000.000000000000000000000000000000011
                     -0.000251057361953843909824213298521
                      0.148183688685053022160431623888144
                     -0.027666454401601724144565963570130
                     -0.113152393467780457148030848202325
                      0.000000000000000000000000000000000
                      0.000000000000000000000000000000000
                     -0.053721536394715982409842069955630
                      0.315272956250680358447624485052074
                      0.003688293835706138012325849828699
                      0.097978319772245678342947883265879
                      0.000000000000000000000000000000000
                      0.000000000000000000000000000000000
                7000000.000000000000000000000000000000011
                7000000.000000000000000000000000000000011
                7000000.000000000000000000000000000000011
                      0.006565040689927784459123394356084
                     -0.131138449217293256987559857407177
                     -0.037592453167286432602622880949639
                     -0.344489001701207830929973852107651
                      0.000000000000000000000000000000000
                      0.000000000000000000000000000000000
                      0.081634732727265596485821674832550
                      0.371059461360393139095492642809404
                      0.075675017263763341701654496773699
                      0.030886334311462405877168890810935
                      0.000000000000000000000000000000000
                      0.000000000000000000000000000000000
                7000000.000000000000000000000000000000011
                7000000.000000000000000000000000000000011
                7000000.000000000000000000000000000000011
                     -0.112684102558527121651366087462520
                      0.202160483061810752891673814701790
                     -0.069810325417989940732788056720892
                     -0.081747455301466029342627450660075
                      0.000000000000000000000000000000000
                      0.000000000000000000000000000000000
                      0.121795817182386620358691686760721
                      0.291599108136157969539681289461441
                      0.064869457119916901222111960123584
                     -0.272784493798272187348175066290423
                      0.000000000000000000000000000000000
                      0.000000000000000000000000000000000
                7000000.000000000000000000000000000000011
                7000000.000000000000000000000000000000011
                7000000.000000000000000000000000000000011
                     -0.010566989848211019373258601206089
                      0.177125606862892859272307077844744
                      0.181399895113169229432514839572832
                      0.220136147151649447240018275806506
                      0.000000000000000000000000000000000
                      0.000000000000000000000000000000000
                      0.022881657805138101713371412415654
                     -0.152844923475988103689360286807641
                      0.098737321605837882754208578717225
                     -0.120886458409617633669164149523567
                      0.000000000000000000000000000000000
                      0.000000000000000000000000000000000
                7000000.000000000000000000000000000000011
                7000000.000000000000000000000000000000011
                7000000.000000000000000000000000000000011
                      0.061944103095791340496401033988150
                      0.124651113968751198202156160732557
                     -0.004094439269326867296416860853014
                     -0.020436011036730462875343761197655
                      0.000000000000000000000000000000000
                      0.000000000000000000000000000000000
                      0.151645961100845605429299212119076
                      0.153489137750284748706874893287022
                     -0.049737308425388940258393688509386
                     -0.043037166563869001800757274622811
                      0.000000000000000000000000000000000
                      0.000000000000000000000000000000000
                7000000.000000000000000000000000000000011
                7000000.000000000000000000000000000000011
                7000000.000000000000000000000000000000011
                      0.068252256573072850320826887582371
                      0.165937405108926627761434247076977
                      0.164670306786334069704125226962788
                      0.111087040232144176887807418552256
                      0.000000000000000000000000000000000
                      0.000000000000000000000000000000000
                      0.012462044429171965573277525152207
                      0.219355953675265974434083204869239
                     -0.014127070986662106436004826548469
                      0.007012480875083756080845542868474
                      0.000000000000000000000000000000000
                      0.000000000000000000000000000000000
                7000000.000000000000000000000000000000011
                7000000.000000000000000000000000000000011
                7000000.000000000000000000000000000000011
                      0.091032901608194494169623567358940
                      0.321250154925395159377643494735821
                     -0.051214322645717395843245611786188
                     -0.337738796439992772224769623790053
                      0.000000000000000000000000000000000
                      0.000000000000000000000000000000000
                      0.181139735965823361896198662179813
                      0.264533663660966256170326005303650
                     -0.064627744712026452544861854221381
                     -0.016949691006197722259463134264479
                      0.000000000000000000000000000000000
                      0.000000000000000000000000000000000
                7000000.000000000000000000000000000000011
                7000000.000000000000000000000000000000011
                7000000.000000000000000000000000000000011
                     -0.010470832269255523488959980227264
                      0.132024785406902239737192417123879
                      0.044009568327837832180104982171542
                     -0.158903589227154695695531927412958
                      0.000000000000000000000000000000000
                      0.000000000000000000000000000000000
                      0.158734242130815245142017033685988
                      0.002849901999156280018449249880064
                      0.030356842291454449317411601327876
                     -0.030186270421593178192587458852358
                      0.000000000000000000000000000000000
                      0.000000000000000000000000000000000
                7000000.000000000000000000000000000000011
                7000000.000000000000000000000000000000011
                7000000.000000000000000000000000000000011
                     -0.023177663862441747616438547652251
                      0.132038888520685876448723661269469
                     -0.172423857492123716594889515363320
                      0.037682784101103053431280898166733
                      0.000000000000000000000000000000000
                      0.000000000000000000000000000000000
                     -0.028544663554266609672982468737246
                      0.063193927168049141007699631700234
                      0.123895572442616674901927353857900
                      0.014123525202166245171020442228382
                      0.000000000000000000000000000000000
                      0.000000000000000000000000000000000
                7000000.000000000000000000000000000000011
                7000000.000000000000000000000000000000011
                7000000.000000000000000000000000000000011
                      0.010798803902330976478562973852604
                      0.109040824800620952950147568571992
                      0.108269339427164865141683947058482
                      0.067533771145416837677899479785992
                      0.000000000000000000000000000000000
                      0.000000000000000000000000000000000
                     -0.075566397723188266644100963276287
                      0.353669245421132871776137562846998
                      0.129934376274409929541420183340961
                     -0.011656177016232867685308072225325
                      0.000000000000000000000000000000000
                      0.000000000000000000000000000000000
                7000000.000000000000000000000000000000011
                7000000.000000000000000000000000000000011
                7000000.000000000000000000000000000000011
                      0.097870778856777626564245053941704
                      0.180083801786954184054323491182004
                      0.039504063737674420531131858069784
                      0.330505377148356371819204468920361
                      0.000000000000000000000000000000000
                      0.000000000000000000000000000000000
                  -3648.936906969616302376380190253257751
                  -2614.355026197283223154954612255096436
                    -96.608800892942753080205875448882580
                   -110.308205848696530892993905581533909
                      0.000000000000000000000000000000000
                      0.000000000000000000000000000000000
                7000000.000000000000000000000000000000011
                7000000.000000000000000000000000000000011
                7000000.000000000000000000000000000000011
                     -0.106152709617841387035319655751664
                      0.127004627395593427952036336137098
                     -0.081880411575900813314632387118763
                      0.094385843485261841645517222332273
                      0.000000000000000000000000000000000
                      0.000000000000000000000000000000000
                     -0.031781765378910899200182171853157
                      0.159578531951497015750618402307737
                      0.040217808762458777394055431386732
                      0.164235702880120848501377395223244
                      0.000000000000000000000000000000000
                      0.000000000000000000000000000000000
                7000000.000000000000000000000000000000011
                7000000.000000000000000000000000000000011
                7000000.000000000000000000000000000000011
                     -0.108874893091131089151168964690441
                      0.196535305029267082232991015189327
                     -0.047044727966350056991284844798429
                      0.065335470445540250183924513294187
                      0.000000000000000000000000000000000
                      0.000000000000000000000000000000000
                      0.076810540988887884839009245752095
                      0.145602833394967906555095282783441
                      0.042026096545556959616085634934279
                     -0.220365819470252743972338294042856
                      0.000000000000000000000000000000000
                      0.000000000000000000000000000000000
                7000000.000000000000000000000000000000011
                7000000.000000000000000000000000000000011
                7000000.000000000000000000000000000000011
                4907826.357525412924587726593017578125008
                1617292.499157593585550785064697265625003
               -4316404.419987101107835769653320312500007
               -1275337.400287659373134374618530273437502
                      0.000000000000000000000000000000000
                      0.000000000000000000000000000000000
                      0.066954243949748262765275796937203
                      0.129726166152706129386373845591152
                     -0.026849918927991170414237842578586
                     -0.052515330029129406175236738363310
                      0.000000000000000000000000000000000
                      0.000000000000000000000000000000000
                7000000.000000000000000000000000000000011
                7000000.000000000000000000000000000000011
                7000000.000000000000000000000000000000011
                     -0.099010012118867729569160474056844
                      0.121165684133179574200056549670990
                     -0.037110559336797958873699343484986
                     -0.171401542393547406950560230143310
                      0.000000000000000000000000000000000
                      0.000000000000000000000000000000000
                      0.002675765909184817797905608927067
                      0.282819592234890671011982021809672
                     -0.010982327538039855785445553237878
                      0.000385115499571733158230835147862
                      0.000000000000000000000000000000000
                      0.000000000000000000000000000000000
                7000000.000000000000000000000000000000011
                7000000.000000000000000000000000000000011
                7000000.000000000000000000000000000000011
             1731084911.032983064651489257812499999998895
             1043151621.692800283432006835937499999999334
              207544403.078265100717544555664062500000010
              119295222.775460422039031982421875000000006
                      0.000000000000000000000000000000000
                      0.000000000000000000000000000000000
          ***********************************************
          ***********************************************
          5927597993777.138671875000000000000000009209088
          4112699093708.422363281250000000000000006389470
                      0.000000000000000000000000000000000
                      0.000000000000000000000000000000000
                7000000.000000000000000000000000000000011
                7000000.000000000000000000000000000000011
                7000000.000000000000000000000000000000011
                     -0.024254623029521780314121670585337
                      0.081636332956399229598964950582740
                      0.007679975200880243338397157515374
                     -0.116435797171116239834276484543807
                      0.000000000000000000000000000000000
                      0.000000000000000000000000000000000
                     -0.075405150333138076801375859758991
                      0.136804679835397846598965543307713
                      0.006637609094004045910686340192797
                     -0.018003488354746147170892811573140
                      0.000000000000000000000000000000000
                      0.000000000000000000000000000000000
                7000000.000000000000000000000000000000011
                7000000.000000000000000000000000000000011
                7000000.000000000000000000000000000000011
             1759286479.089438438415527343749999999998877
              533582373.259379625320434570312500000000025
             1737929031.163480758666992187499999999998891
              559100938.214325189590454101562500000000026
                      0.000000000000000000000000000000000
                      0.000000000000000000000000000000000
                      0.045148096868421958016703854355001
                      0.057019612660103691226254341017921
                     -0.069841521585793236992500965243380
                     -0.224721043954589638769192561085219
                      0.000000000000000000000000000000000
                      0.000000000000000000000000000000000
                7000000.000000000000000000000000000000011
                7000000.000000000000000000000000000000011
                7000000.000000000000000000000000000000011
            -4128949523.914950370788574218749999999997365
            -6068691436.412710189819335937499999999996128
             5436828614.110355377197265624999999999996531
             7991000082.534712791442871093749999999994901
                      0.000000000000000000000000000000000
                      0.000000000000000000000000000000000
                      0.027517756823345566191685307444459
                      0.184370434100439295477258383471053
                      0.145845502448218228286336284327263
                     -0.105227431224366813067305770346138
                      0.000000000000000000000000000000000
                      0.000000000000000000000000000000000
                7000000.000000000000000000000000000000011
                7000000.000000000000000000000000000000011
                7000000.000000000000000000000000000000011
                      0.084214330453093400041808536116150
                     -0.103567895696026646135123883141205
                     -0.094444145449963684546546005549317
                     -0.106749261916200183231140385942126
                      0.000000000000000000000000000000000
                      0.000000000000000000000000000000000
                      0.017071959753127356751445375948606
                      0.448297159077665374748988824649132
                     -0.009496323940537882909995737179543
                     -0.050027007781603884117860303604175
                      0.000000000000000000000000000000000
                      0.000000000000000000000000000000000
                7000000.000000000000000000000000000000011
                7000000.000000000000000000000000000000011
                7000000.000000000000000000000000000000011
                      0.008193617724760519221982590920561
                      0.180574795223951256595285030925879
                      0.022587244796729445683869386130027
                      0.220365139356514333490721924135869
                      0.000000000000000000000000000000000
                      0.000000000000000000000000000000000
                     -0.035746409898344308486706211169803
                      0.277700118114209526520852477915469
                      0.081659555809458897468466886948590
                      0.189659867581350061183087518656976
                      0.000000000000000000000000000000000
                      0.000000000000000000000000000000000
                7000000.000000000000000000000000000000011
                7000000.000000000000000000000000000000011
                7000000.000000000000000000000000000000011
                  -1652.735394265379909484181553125381470
                   -804.751378376783122803317382931709290
                  -4931.168424777079962950665503740310669
                  -2506.472523706243919150438159704208374
                      0.000000000000000000000000000000000
                      0.000000000000000000000000000000000
                     -0.024442886448718288694426092888534
                      0.463110061664710359607965983741451
                      0.009594268596538363391701409454981
                     -0.119260461552863364365073550743546
                      0.000000000000000000000000000000000
                      0.000000000000000000000000000000000
                7000000.000000000000000000000000000000011
                7000000.000000000000000000000000000000011
                7000000.000000000000000000000000000000011
                     -0.009021194777759308086606537813168
                      0.135807991382274617642167413578136
                      0.053661576314563828871140316323363
                      0.291098344309477896629800852679182
                      0.000000000000000000000000000000000
                      0.000000000000000000000000000000000
                     -0.078692106656052418500735257111955
                      0.332526470438622656633498309020069
                     -0.104010642182866583360656420609303
                     -0.263803461355612833827422036847565
                      0.000000000000000000000000000000000
                      0.000000000000000000000000000000000
                7000000.000000000000000000000000000000011
                7000000.000000000000000000000000000000011
                7000000.000000000000000000000000000000011
                 -20640.953509172337362542748451232910156
                 -10278.695488435652805492281913757324219
                  14337.859411511839425656944513320922852
                   7081.444291458709813014138489961624146
                      0.000000000000000000000000000000000
                      0.000000000000000000000000000000000
                     -0.016140008278282505504996890977054
                      0.158076669101837902209339858927706
                      0.105834838352118890125730388263037
                     -0.117461310942292465608893792250456
                      0.000000000000000000000000000000000
                      0.000000000000000000000000000000000
                7000000.000000000000000000000000000000011
                7000000.000000000000000000000000000000011
                7000000.000000000000000000000000000000011
                      0.001838597061961249473638346785265
                      0.150534651169620670163595832491410
                      0.087344856807237566953538987490901
                      0.078106990788018290650107644523814
                      0.000000000000000000000000000000000
                      0.000000000000000000000000000000000
                      0.020611958234569571768446394344210
                      0.231433332351418913352958384166413
                      0.051606818809819245130743325944422
                     -0.015618597627952949744023491973621
                      0.000000000000000000000000000000000
                      0.000000000000000000000000000000000
                7000000.000000000000000000000000000000011
                7000000.000000000000000000000000000000011
                7000000.000000000000000000000000000000011
                     -0.021131899923564838317258107736052
                      0.173797894728974777756036473874701
                      0.086588021397303455151117645982595
                      0.013876131277892599438783527432406
                      0.000000000000000000000000000000000
                      0.000000000000000000000000000000000
                      0.111188092769049021169003310660628
                     -0.065730738200802177328974096326419
                      0.028565948584780970903596042376194
                      0.253065098413703726265566729125567
                      0.000000000000000000000000000000000
                      0.000000000000000000000000000000000
                7000000.000000000000000000000000000000011
                7000000.000000000000000000000000000000011
                7000000.000000000000000000000000000000011
                     -0.004703973673637955495163698316219
                      0.159894660562877627407729619335441
                      0.047065713100582516614789341247160
                      0.111486027989728245235490078357543
                      0.000000000000000000000000000000000
                      0.000000000000000000000000000000000
                      0.105741790583364414501943429058883
                     -0.140859350973010721830291913647670
                     -0.006278550002222805202778399547014
                      0.092716228028300720631627029888477
                      0.000000000000000000000000000000000
                      0.000000000000000000000000000000000
                7000000.000000000000000000000000000000011
                7000000.000000000000000000000000000000011
                7000000.000000000000000000000000000000011
                      0.116365871715160662525079260376515
                      0.219199978959485952678676312643802
                      0.018450852422118708268117259763130
                     -0.002588272449270601592574703175842
                      0.000000000000000000000000000000000
                      0.000000000000000000000000000000000
                 122106.799029910136596299707889556884766
                  14646.125308467046124860644340515136719
                  55425.336686097034544218331575393676758
                   4602.367906480578312766738235950469971
                      0.000000000000000000000000000000000
                      0.000000000000000000000000000000000
                7000000.000000000000000000000000000000011
                7000000.000000000000000000000000000000011
                7000000.000000000000000000000000000000011
                     -0.053430040207753534686752061588777
                      0.054376384200467621499175407961957
                      0.026726581506629813744790880036817
                      0.164874456038008765368374497484183
                      0.000000000000000000000000000000000
                      0.000000000000000000000000000000000
                     -0.068855350011937738186063029388606
                      0.114489354359339851052723702196090
                      0.058892197015504250956485776669069
                     -0.102262936821734720660437290007394
                      0.000000000000000000000000000000000
                      0.000000000000000000000000000000000
                7000000.000000000000000000000000000000011
                7000000.000000000000000000000000000000011
                7000000.000000000000000000000000000000011
          ***********************************************
          ***********************************************
          ***********************************************
          ***********************************************
                      0.000000000000000000000000000000000
                      0.000000000000000000000000000000000
                -761280.200119177461601793766021728515626
                -528087.333319353638216853141784667968750
                1188487.971252725925296545028686523437502
                 796044.623691870365291833877563476562501
                      0.000000000000000000000000000000000
                      0.000000000000000000000000000000000
                7000000.000000000000000000000000000000011
                7000000.000000000000000000000000000000011
                7000000.000000000000000000000000000000011
                     -0.004071615074784489148040922401606
                      0.139845461221766609316574658805621
                      0.053535342958904393040331370912099
                     -0.082986071723093815521998806161719
                      0.000000000000000000000000000000000
                      0.000000000000000000000000000000000
                     -0.102570872335283322374088754713739
                      0.033932858657088380005539818284888
                      0.000521974851730405958044611836044
                      0.065296711158605247327102460985770
                      0.000000000000000000000000000000000
                      0.000000000000000000000000000000000
                7000000.000000000000000000000000000000011
                7000000.000000000000000000000000000000011
                7000000.000000000000000000000000000000011
                     -0.058356712543239749879653288644477
                     -0.141176493463703339736881048338546
                     -0.145391767205622440828349795083341
                      0.229191705585721910987118121738604
                      0.000000000000000000000000000000000
                      0.000000000000000000000000000000000
                     -0.162879157558379394910019755116082
                      0.194108378798312580792995163392334
                      0.012123550422071674784185724149665
                      0.014727564469309600142521432530884
                      0.000000000000000000000000000000000
                      0.000000000000000000000000000000000
                7000000.000000000000000000000000000000011
                7000000.000000000000000000000000000000011
                7000000.000000000000000000000000000000011
                      0.111195379888374815124940653277008
                      0.081061390609488886971334409281553
                     -0.026365441992442228968940298727830
                     -0.155127860663860056567031620033958
                      0.000000000000000000000000000000000
                      0.000000000000000000000000000000000
                     -0.064409321004420580503158078045089
                      0.272457774204199421053118612690014
                     -0.085829334771187745789511325256171
                     -0.207764482634873931532482060902112
                      0.000000000000000000000000000000000
                      0.000000000000000000000000000000000
                7000000.000000000000000000000000000000011
                7000000.000000000000000000000000000000011
                7000000.000000000000000000000000000000011
                      0.013230967755462376411745850646184
                      0.125130685616890807709822297510982
                      0.099754814179745590618786366121640
                      0.324311323173432142219496654433897
                      0.000000000000000000000000000000000
                      0.000000000000000000000000000000000
                     -0.101890789685194563252146338072635
                     -0.112875830917735606173657458839443
                      0.054994746180109507771582855184533
                     -0.118291044079892382345775558860623
                      0.000000000000000000000000000000000
                      0.000000000000000000000000000000000
                7000000.000000000000000000000000000000011
                7000000.000000000000000000000000000000011
                7000000.000000000000000000000000000000011
                      0.059382570353758372394548104011847
                      0.105248301601708046937311280544236
                      0.008614132679822932361912712906360
                     -0.015112995597591551491523098604830
                      0.000000000000000000000000000000000
                      0.000000000000000000000000000000000
                      0.146124204333627494278857739118394
                      0.181562956560068711198141500062775
                     -0.058865388123789615104630712494327
                     -0.002926850777004853625118396820426
                      0.000000000000000000000000000000000
                      0.000000000000000000000000000000000
                7000000.000000000000000000000000000000011
                7000000.000000000000000000000000000000011
                7000000.000000000000000000000000000000011
                      0.062493017206682439923515204327487
                      0.306060971691895888913137468989589
                      0.116168836172382397564639688880561
                     -0.163484590751476921433038569375640
                      0.000000000000000000000000000000000
                      0.000000000000000000000000000000000
                      0.036807277084901002250916235425393
                      0.099561550670733967027814514949569
                      0.015841979847648731544174083296639
                     -0.013444269888503739343588172516775
                      0.000000000000000000000000000000000
                      0.000000000000000000000000000000000
                7000000.000000000000000000000000000000011
                7000000.000000000000000000000000000000011
                7000000.000000000000000000000000000000011
                   7897.183024388756166445091366767883301
          ***********************************************
                   2975.168174985268706222996115684509277
          ***********************************************
                      0.000000000000000000000000000000000
                      0.000000000000000000000000000000000
                      0.157953171884565396476673981851491
                      0.341979506481578210408400764208636
                     -0.055153419933814971931607118449392
                     -0.032578548781425173408443640710175
                      0.000000000000000000000000000000000
                      0.000000000000000000000000000000000
                7000000.000000000000000000000000000000011
                7000000.000000000000000000000000000000011
                7000000.000000000000000000000000000000011
                     -0.001258597468545453491872709861354
                      0.159105551259038469069651000609156
                     -0.084808945032093324689626001600118
                     -0.116498009441792060858489321617526
                      0.000000000000000000000000000000000
                      0.000000000000000000000000000000000
                      0.102008200448896135803522611240624
                     -0.117183941905464619748222787620762
                      0.017879001036733274676571170402894
                     -0.108641449187724170588609240439837
                      0.000000000000000000000000000000000
                      0.000000000000000000000000000000000
                7000000.000000000000000000000000000000011
                7000000.000000000000000000000000000000011
                7000000.000000000000000000000000000000011
                      0.038378636382526455650410213138457
                      0.123643350853639866215871734311804
                     -0.111443039714831756969992682115844
                      0.223901211220606077834105462898151
                      0.000000000000000000000000000000000
                      0.000000000000000000000000000000000
                      0.012106714146591932360075283270362
                      0.055939854238134759101264137370890
                     -0.124265357150048022516486412314407
                     -0.017058502399410157418513378502212
                      0.000000000000000000000000000000000
                      0.000000000000000000000000000000000
                7000000.000000000000000000000000000000011
                7000000.000000000000000000000000000000011
                7000000.000000000000000000000000000000011
                      0.015132356321301408674795396791524
                      0.170955611676664787079715779327671
                     -0.089592167659488908260101425184985
                     -0.145139727996594802839069870969979
                      0.000000000000000000000000000000000
                      0.000000000000000000000000000000000
                      0.125931174989986988110857168976509
                      0.111686174790748077301216767409642
                      0.038278184020344850624351096257669
                      0.205825121148474676768813651506207
                      0.000000000000000000000000000000000
                      0.000000000000000000000000000000000
                7000000.000000000000000000000000000000011
                7000000.000000000000000000000000000000011
                7000000.000000000000000000000000000000011
                      0.097870778856777626564245053941704
                      0.180083801786954184054323491182004
                      0.039504063737674420531131858069784
                      0.330505377148356371819204468920361
                      0.000000000000000000000000000000000
                      0.000000000000000000000000000000000
                  -3648.936906969616302376380190253257751
                  -2614.355026197283223154954612255096436
                    -96.608800892942753080205875448882580
                   -110.308205848696530892993905581533909
                      0.000000000000000000000000000000000
                      0.000000000000000000000000000000000
                7000000.000000000000000000000000000000011
                7000000.000000000000000000000000000000011
                7000000.000000000000000000000000000000011
                     -0.106152709617841387035319655751664
                      0.127004627395593427952036336137098
                     -0.081880411575900813314632387118763
                      0.094385843485261841645517222332273
                      0.000000000000000000000000000000000
                      0.000000000000000000000000000000000
                     -0.031781765378910899200182171853157
                      0.159578531951497015750618402307737
                      0.040217808762458777394055431386732
                      0.164235702880120848501377395223244
                      0.000000000000000000000000000000000
                      0.000000000000000000000000000000000
                7000000.000000000000000000000000000000011
                7000000.000000000000000000000000000000011
                7000000.000000000000000000000000000000011
                     -0.108874893091131089151168964690441
                      0.196535305029267082232991015189327
                     -0.047044727966350056991284844798429
                      0.065335470445540250183924513294187
                      0.000000000000000000000000000000000
                      0.000000000000000000000000000000000
                      0.076810540988887884839009245752095
                      0.145602833394967906555095282783441
                      0.042026096545556959616085634934279
                     -0.220365819470252743972338294042856
                      0.000000000000000000000000000000000
                      0.000000000000000000000000000000000
                7000000.000000000000000000000000000000011
                7000000.000000000000000000000000000000011
                7000000.000000000000000000000000000000011
                4907826.357525412924587726593017578125008
                1617292.499157593585550785064697265625003
               -4316404.419987101107835769653320312500007
               -1275337.400287659373134374618530273437502
                      0.000000000000000000000000000000000
                      0.000000000000000000000000000000000
                      0.066954243949748262765275796937203
                      0.129726166152706129386373845591152
                     -0.026849918927991170414237842578586
                     -0.052515330029129406175236738363310
                      0.000000000000000000000000000000000
                      0.000000000000000000000000000000000
                7000000.000000000000000000000000000000011
                7000000.000000000000000000000000000000011
                7000000.000000000000000000000000000000011
                     -0.099010012118867729569160474056844
                      0.121165684133179574200056549670990
                     -0.037110559336797958873699343484986
                     -0.171401542393547406950560230143310
                      0.000000000000000000000000000000000
                      0.000000000000000000000000000000000
                      0.002675765909184817797905608927067
                      0.282819592234890671011982021809672
                     -0.010982327538039855785445553237878
                      0.000385115499571733158230835147862
                      0.000000000000000000000000000000000
                      0.000000000000000000000000000000000
                7000000.000000000000000000000000000000011
                7000000.000000000000000000000000000000011
                7000000.000000000000000000000000000000011
             1731084911.032983064651489257812499999998895
             1043151621.692800283432006835937499999999334
              207544403.078265100717544555664062500000010
              119295222.775460422039031982421875000000006
                      0.000000000000000000000000000000000
                      0.000000000000000000000000000000000
          ***********************************************
          ***********************************************
          5927597993777.138671875000000000000000009209088
          4112699093708.422363281250000000000000006389470
                      0.000000000000000000000000000000000
                      0.000000000000000000000000000000000
                7000000.000000000000000000000000000000011
                7000000.000000000000000000000000000000011
                7000000.000000000000000000000000000000011
                     -0.024254623029521780314121670585337
                      0.081636332956399229598964950582740
                      0.007679975200880243338397157515374
                     -0.116435797171116239834276484543807
                      0.000000000000000000000000000000000
                      0.000000000000000000000000000000000
                     -0.075405150333138076801375859758991
                      0.136804679835397846598965543307713
                      0.006637609094004045910686340192797
                     -0.018003488354746147170892811573140
                      0.000000000000000000000000000000000
                      0.000000000000000000000000000000000
                7000000.000000000000000000000000000000011
                7000000.000000000000000000000000000000011
                7000000.000000000000000000000000000000011
             1759286479.089438438415527343749999999998877
              533582373.259379625320434570312500000000025
             1737929031.163480758666992187499999999998891
              559100938.214325189590454101562500000000026
                      0.000000000000000000000000000000000
                      0.000000000000000000000000000000000
                      0.045148096868421958016703854355001
                      0.057019612660103691226254341017921
                     -0.069841521585793236992500965243380
                     -0.224721043954589638769192561085219
                      0.000000000000000000000000000000000
                      0.000000000000000000000000000000000
                7000000.000000000000000000000000000000011
                7000000.000000000000000000000000000000011
                7000000.000000000000000000000000000000011
            -4128949523.914950370788574218749999999997365
            -6068691436.412710189819335937499999999996128
             5436828614.110355377197265624999999999996531
             7991000082.534712791442871093749999999994901
                      0.000000000000000000000000000000000
                      0.000000000000000000000000000000000
                      0.027517756823345566191685307444459
                      0.184370434100439295477258383471053
                      0.145845502448218228286336284327263
                     -0.105227431224366813067305770346138
                      0.000000000000000000000000000000000
                      0.000000000000000000000000000000000
                7000000.000000000000000000000000000000011
                7000000.000000000000000000000000000000011
                7000000.000000000000000000000000000000011
                      0.084214330453093400041808536116150
                     -0.103567895696026646135123883141205
                     -0.094444145449963684546546005549317
                     -0.106749261916200183231140385942126
                      0.000000000000000000000000000000000
                      0.000000000000000000000000000000000
                      0.017071959753127356751445375948606
                      0.448297159077665374748988824649132
                     -0.009496323940537882909995737179543
                     -0.050027007781603884117860303604175
                      0.000000000000000000000000000000000
                      0.000000000000000000000000000000000
                7000000.000000000000000000000000000000011
                7000000.000000000000000000000000000000011
                7000000.000000000000000000000000000000011
                      0.008193617724760519221982590920561
                      0.180574795223951256595285030925879
                      0.022587244796729445683869386130027
                      0.220365139356514333490721924135869
                      0.000000000000000000000000000000000
                      0.000000000000000000000000000000000
                     -0.035746409898344308486706211169803
                      0.277700118114209526520852477915469
                      0.081659555809458897468466886948590
                      0.189659867581350061183087518656976
                      0.000000000000000000000000000000000
                      0.000000000000000000000000000000000
                7000000.000000000000000000000000000000011
                7000000.000000000000000000000000000000011
                7000000.000000000000000000000000000000011
                  -1652.735394265379909484181553125381470
                   -804.751378376783122803317382931709290
                  -4931.168424777079962950665503740310669
                  -2506.472523706243919150438159704208374
                      0.000000000000000000000000000000000
                      0.000000000000000000000000000000000
                     -0.024442886448718288694426092888534
                      0.463110061664710359607965983741451
                      0.009594268596538363391701409454981
                     -0.119260461552863364365073550743546
                      0.000000000000000000000000000000000
                      0.000000000000000000000000000000000
                7000000.000000000000000000000000000000011
                7000000.000000000000000000000000000000011
                7000000.000000000000000000000000000000011
                     -0.009021194777759308086606537813168
                      0.135807991382274617642167413578136
                      0.053661576314563828871140316323363
                      0.291098344309477896629800852679182
                      0.000000000000000000000000000000000
                      0.000000000000000000000000000000000
                     -0.078692106656052418500735257111955
                      0.332526470438622656633498309020069
                     -0.104010642182866583360656420609303
                     -0.263803461355612833827422036847565
                      0.000000000000000000000000000000000
                      0.000000000000000000000000000000000
                7000000.000000000000000000000000000000011
                7000000.000000000000000000000000000000011
                7000000.000000000000000000000000000000011
                 -20640.953509172337362542748451232910156
                 -10278.695488435652805492281913757324219
                  14337.859411511839425656944513320922852
                   7081.444291458709813014138489961624146
                      0.000000000000000000000000000000000
                      0.000000000000000000000000000000000
                     -0.016140008278282505504996890977054
                      0.158076669101837902209339858927706
                      0.105834838352118890125730388263037
                     -0.117461310942292465608893792250456
                      0.000000000000000000000000000000000
                      0.000000000000000000000000000000000
                7000000.000000000000000000000000000000011
                7000000.000000000000000000000000000000011
                7000000.000000000000000000000000000000011
                      0.001838597061961249473638346785265
                      0.150534651169620670163595832491410
                      0.087344856807237566953538987490901
                      0.078106990788018290650107644523814
                      0.000000000000000000000000000000000
                      0.000000000000000000000000000000000
                      0.020611958234569571768446394344210
                      0.231433332351418913352958384166413
                      0.051606818809819245130743325944422
                     -0.015618597627952949744023491973621
                      0.000000000000000000000000000000000
                      0.000000000000000000000000000000000
                7000000.000000000000000000000000000000011
                7000000.000000000000000000000000000000011
                7000000.000000000000000000000000000000011
                     -0.021131899923564838317258107736052
                      0.173797894728974777756036473874701
                      0.086588021397303455151117645982595
                      0.013876131277892599438783527432406
                      0.000000000000000000000000000000000
                      0.000000000000000000000000000000000
                      0.111188092769049021169003310660628
                     -0.065730738200802177328974096326419
                      0.028565948584780970903596042376194
                      0.253065098413703726265566729125567
                      0.000000000000000000000000000000000
                      0.000000000000000000000000000000000
                7000000.000000000000000000000000000000011
                7000000.000000000000000000000000000000011
                7000000.000000000000000000000000000000011
                     -0.004703973673637955495163698316219
                      0.159894660562877627407729619335441
                      0.047065713100582516614789341247160
                      0.111486027989728245235490078357543
                      0.000000000000000000000000000000000
                      0.000000000000000000000000000000000
                      0.105741790583364414501943429058883
                     -0.140859350973010721830291913647670
                     -0.006278550002222805202778399547014
                      0.092716228028300720631627029888477
                      0.000000000000000000000000000000000
                      0.000000000000000000000000000000000
                7000000.000000000000000000000000000000011
                7000000.000000000000000000000000000000011
                7000000.000000000000000000000000000000011
                      0.116365871715160662525079260376515
                      0.219199978959485952678676312643802
                      0.018450852422118708268117259763130
                     -0.002588272449270601592574703175842
                      0.000000000000000000000000000000000
                      0.000000000000000000000000000000000
                 122106.799029910136596299707889556884766
                  14646.125308467046124860644340515136719
                  55425.336686097034544218331575393676758
                   4602.367906480578312766738235950469971
                      0.000000000000000000000000000000000
                      0.000000000000000000000000000000000
                7000000.000000000000000000000000000000011
                7000000.000000000000000000000000000000011
                7000000.000000000000000000000000000000011
                     -0.053430040207753534686752061588777
                      0.054376384200467621499175407961957
                      0.026726581506629813744790880036817
                      0.164874456038008765368374497484183
                      0.000000000000000000000000000000000
                      0.000000000000000000000000000000000
                     -0.068855350011937738186063029388606
                      0.114489354359339851052723702196090
                      0.058892197015504250956485776669069
                     -0.102262936821734720660437290007394
                      0.000000000000000000000000000000000
                      0.000000000000000000000000000000000
                7000000.000000000000000000000000000000011
                7000000.000000000000000000000000000000011
                7000000.000000000000000000000000000000011
          ***********************************************
          ***********************************************
          ***********************************************
          ***********************************************
                      0.000000000000000000000000000000000
                      0.000000000000000000000000000000000
                -761280.200119177461601793766021728515626
                -528087.333319353638216853141784667968750
                1188487.971252725925296545028686523437502
                 796044.623691870365291833877563476562501
                      0.000000000000000000000000000000000
                      0.000000000000000000000000000000000
                7000000.000000000000000000000000000000011
                7000000.000000000000000000000000000000011
                7000000.000000000000000000000000000000011
                     -0.004071615074784489148040922401606
                      0.139845461221766609316574658805621
                      0.053535342958904393040331370912099
                     -0.082986071723093815521998806161719
                      0.000000000000000000000000000000000
                      0.000000000000000000000000000000000
                     -0.102570872335283322374088754713739
                      0.033932858657088380005539818284888
                      0.000521974851730405958044611836044
                      0.065296711158605247327102460985770
                      0.000000000000000000000000000000000
                      0.000000000000000000000000000000000
                7000000.000000000000000000000000000000011
                7000000.000000000000000000000000000000011
                7000000.000000000000000000000000000000011
                     -0.058356712543239749879653288644477
                     -0.141176493463703339736881048338546
                     -0.145391767205622440828349795083341
                      0.229191705585721910987118121738604
                      0.000000000000000000000000000000000
                      0.000000000000000000000000000000000
                     -0.162879157558379394910019755116082
                      0.194108378798312580792995163392334
                      0.012123550422071674784185724149665
                      0.014727564469309600142521432530884
                      0.000000000000000000000000000000000
                      0.000000000000000000000000000000000
                7000000.000000000000000000000000000000011
                7000000.000000000000000000000000000000011
                7000000.000000000000000000000000000000011
                      0.111195379888374815124940653277008
                      0.081061390609488886971334409281553
                     -0.026365441992442228968940298727830
                     -0.155127860663860056567031620033958
                      0.000000000000000000000000000000000
                      0.000000000000000000000000000000000
                     -0.064409321004420580503158078045089
                      0.272457774204199421053118612690014
                     -0.085829334771187745789511325256171
                     -0.207764482634873931532482060902112
                      0.000000000000000000000000000000000
                      0.000000000000000000000000000000000
                7000000.000000000000000000000000000000011
                7000000.000000000000000000000000000000011
                7000000.000000000000000000000000000000011
                      0.013230967755462376411745850646184
                      0.125130685616890807709822297510982
                      0.099754814179745590618786366121640
                      0.324311323173432142219496654433897
                      0.000000000000000000000000000000000
                      0.000000000000000000000000000000000
                     -0.101890789685194563252146338072635
                     -0.112875830917735606173657458839443
                      0.054994746180109507771582855184533
                     -0.118291044079892382345775558860623
                      0.000000000000000000000000000000000
                      0.000000000000000000000000000000000
                7000000.000000000000000000000000000000011
                7000000.000000000000000000000000000000011
                7000000.000000000000000000000000000000011
                      0.059382570353758372394548104011847
                      0.105248301601708046937311280544236
                      0.008614132679822932361912712906360
                     -0.015112995597591551491523098604830
                      0.000000000000000000000000000000000
                      0.000000000000000000000000000000000
                      0.146124204333627494278857739118394
                      0.181562956560068711198141500062775
                     -0.058865388123789615104630712494327
                     -0.002926850777004853625118396820426
                      0.000000000000000000000000000000000
                      0.000000000000000000000000000000000
                7000000.000000000000000000000000000000011
                7000000.000000000000000000000000000000011
                7000000.000000000000000000000000000000011
                      0.062493017206682439923515204327487
                      0.306060971691895888913137468989589
                      0.116168836172382397564639688880561
                     -0.163484590751476921433038569375640
                      0.000000000000000000000000000000000
                      0.000000000000000000000000000000000
                      0.036807277084901002250916235425393
                      0.099561550670733967027814514949569
                      0.015841979847648731544174083296639
                     -0.013444269888503739343588172516775
                      0.000000000000000000000000000000000
                      0.000000000000000000000000000000000
                7000000.000000000000000000000000000000011
                7000000.000000000000000000000000000000011
                7000000.000000000000000000000000000000011
                   7897.183024388756166445091366767883301
          ***********************************************
                   2975.168174985268706222996115684509277
          ***********************************************
                      0.000000000000000000000000000000000
                      0.000000000000000000000000000000000
                      0.157953171884565396476673981851491
                      0.341979506481578210408400764208636
                     -0.055153419933814971931607118449392
                     -0.032578548781425173408443640710175
                      0.000000000000000000000000000000000
                      0.000000000000000000000000000000000
                7000000.000000000000000000000000000000011
                7000000.000000000000000000000000000000011
                7000000.000000000000000000000000000000011
                     -0.001258597468545453491872709861354
                      0.159105551259038469069651000609156
                     -0.084808945032093324689626001600118
                     -0.116498009441792060858489321617526
                      0.000000000000000000000000000000000
                      0.000000000000000000000000000000000
                      0.102008200448896135803522611240624
                     -0.117183941905464619748222787620762
                      0.017879001036733274676571170402894
                     -0.108641449187724170588609240439837
                      0.000000000000000000000000000000000
                      0.000000000000000000000000000000000
                7000000.000000000000000000000000000000011
                7000000.000000000000000000000000000000011
                7000000.000000000000000000000000000000011
                      0.038378636382526455650410213138457
                      0.123643350853639866215871734311804
                     -0.111443039714831756969992682115844
                      0.223901211220606077834105462898151
                      0.000000000000000000000000000000000
                      0.000000000000000000000000000000000
                      0.012106714146591932360075283270362
                      0.055939854238134759101264137370890
                     -0.124265357150048022516486412314407
                     -0.017058502399410157418513378502212
                      0.000000000000000000000000000000000
                      0.000000000000000000000000000000000
                7000000.000000000000000000000000000000011
                7000000.000000000000000000000000000000011
                7000000.000000000000000000000000000000011
                      0.015132356321301408674795396791524
                      0.170955611676664787079715779327671
                     -0.089592167659488908260101425184985
                     -0.145139727996594802839069870969979
                      0.000000000000000000000000000000000
                      0.000000000000000000000000000000000
                      0.125931174989986988110857168976509
                      0.111686174790748077301216767409642
                      0.038278184020344850624351096257669
                      0.205825121148474676768813651506207
                      0.000000000000000000000000000000000
                      0.000000000000000000000000000000000
                7000000.000000000000000000000000000000011
                7000000.000000000000000000000000000000011
                7000000.000000000000000000000000000000011
